9	2	96	4	4
480	195
480	195
480	195
480	195
480	195
480	195
480	195
480	195
480	195
480	195
480	195
480	195
480	195
480	195
480	195
480	195
0	6.229	10.59	0	0	0	0	0	1000
1	32.663	44.73	0	0	0	0	0	1000
2	48.807	48.792	0	0	0	0	0	1000
3	33.179	-4.968	0	0	0	0	0	1000
4	33.588	30.75	12	4	4	1	15	410	539
5	48.828	65.314	1	12	4	1	15	125	278
6	86.176	59.344	1	3	4	1	15	256	378
7	39.27	-33.057	15	15	4	1	15	382	504
8	-23.37	86.853	10	13	4	1	15	422	539
9	48.132	95.593	12	20	4	1	15	336	444
10	-16.357	93.311	15	21	4	1	15	257	387
11	-57.703	-65.601	16	4	4	1	15	81	231
12	7.147	32.684	18	25	4	1	15	314	439
13	42.95	68.701	9	21	4	1	15	345	505
14	37.085	-2.112	5	7	4	1	15	143	253
15	77.759	55.817	19	3	4	1	15	205	372
16	-17.462	-56.567	11	9	4	1	15	417	591
17	58.575	59.888	12	5	4	1	15	402	559
18	57.776	15.344	13	20	4	1	15	114	285
19	-22.327	36.072	8	21	4	1	15	376	549
20	-7.08	30.493	14	19	4	1	15	298	434
21	55.658	60.425	9	2	4	1	15	445	572
22	-14.307	11.456	2	16	4	1	15	213	347
23	-29.724	24.268	25	18	4	1	15	206	358
24	43.219	0.739	6	24	4	1	15	161	257
25	45.184	35.474	16	24	4	1	15	378	522
26	64.484	2.24	18	8	4	1	15	228	368
27	55.078	72.241	4	16	4	1	15	402	535
28	16.925	15.741	17	19	2	2	5	10	103	228
29	45.038	-3.723	4	12	2	2	5	10	314	446
30	-76.782	5.939	22	9	2	2	5	10	387	508
31	36.169	0.256	12	3	2	2	5	10	447	555
32	29.218	8.936	13	15	2	2	5	10	143	310
33	65.057	5.225	5	4	2	2	5	10	332	498
34	42.175	-22.284	24	24	2	2	5	10	316	425
35	25.574	31.726	12	22	2	2	5	10	444	606
36	31.561	37.262	16	14	2	2	5	10	216	360
37	66.498	-54.169	8	11	2	2	5	10	188	352
38	46.576	-17.938	10	20	2	2	5	10	476	615
39	65.063	40.875	15	5	2	2	5	10	375	473
40	-2.716	24.768	21	11	2	2	5	10	100	197
41	-40.002	3.87	5	12	2	2	5	10	234	396
42	-73.505	57.043	9	7	2	2	5	10	171	343
43	81.146	-25.714	5	1	2	2	5	10	152	326
44	12.006	-7.965	9	23	2	2	5	10	140	319
45	42.761	38.092	20	13	2	2	5	10	178	341
46	3.857	-23.181	14	4	2	2	5	10	136	294
47	-7.367	24.39	24	23	2	2	5	10	455	622
48	35.944	-11.835	23	17	2	2	5	10	231	369
49	52.075	9.692	12	13	2	2	5	10	322	446
50	30.725	30.701	13	9	2	2	5	10	450	566
51	41.223	77.924	19	10	2	2	5	10	162	334
52	68.884	-40.546	21	22	1	4	1	2	4	8	439	540
53	76.312	86.67	5	21	1	4	1	2	4	8	216	357
54	63.934	78.54	9	13	1	4	1	2	4	8	70	243
55	29.15	-9.961	23	25	1	4	1	2	4	8	436	537
56	85.522	39.954	8	8	1	4	1	2	4	8	300	425
57	31.775	3.87	5	20	1	4	1	2	4	8	210	347
58	-20.544	19.086	8	3	1	4	1	2	4	8	104	279
59	55.353	43.817	10	4	1	4	1	2	4	8	370	467
60	35.406	10.278	9	13	1	4	1	2	4	8	169	316
61	25.464	-0.287	21	18	1	4	1	2	4	8	424	548
62	12.396	0.244	12	1	1	4	1	2	4	8	300	449
63	18.359	20.917	8	10	1	4	1	2	4	8	137	233
64	27.96	-15.039	4	16	1	4	1	2	4	8	422	564
65	-3.192	19.879	14	9	1	4	1	2	4	8	95	230
66	9.332	-41.351	19	13	1	4	1	2	4	8	107	272
67	-20.581	38.177	23	23	1	4	1	2	4	8	299	433
68	27.82	28.729	4	14	1	4	1	2	4	8	180	323
69	59.027	42.31	9	5	1	4	1	2	4	8	222	322
70	56.311	58.734	1	1	1	4	1	2	4	8	109	253
71	-51.654	-0.342	21	6	1	4	1	2	4	8	237	392
72	2.576	32.721	20	20	1	4	1	2	4	8	178	283
73	15.131	-3.046	24	10	1	4	1	2	4	8	285	405
74	66.595	34.937	22	19	1	4	1	2	4	8	457	606
75	19.476	20.142	25	24	1	4	1	2	4	8	300	416
76	-1.172	20.648	19	3	1	4	1	2	4	8	129	299
77	-21.204	13.66	14	5	1	4	1	2	4	8	372	511
78	98.846	1.257	11	13	1	4	1	2	4	8	95	260
79	82.593	72.003	22	5	1	4	1	2	4	8	122	251
80	30.017	-30.896	25	4	1	4	1	2	4	8	233	387
81	33.228	41.663	5	12	1	4	1	2	4	8	306	411
82	39.49	-8.539	10	11	1	4	1	2	4	8	129	234
83	54.498	70.813	4	20	1	4	1	2	4	8	248	346
84	3.058	10.248	4	13	1	4	1	2	4	8	106	251
85	51.831	-16.87	6	1	1	4	1	2	4	8	410	570
86	76.416	11.346	22	3	1	4	1	2	4	8	432	539
87	5.243	0.238	17	2	1	4	1	2	4	8	350	455
88	50.592	34.247	22	23	1	4	1	2	4	8	190	339
89	-5.231	-2.081	3	8	1	4	1	2	4	8	110	257
90	24.194	25.836	25	25	1	4	1	2	4	8	383	531
91	33.63	37.585	22	18	1	4	1	2	4	8	324	442
92	31.445	-7.001	23	4	1	4	1	2	4	8	158	285
93	30.707	-28.168	16	5	1	4	1	2	4	8	272	413
94	49.86	1.038	13	21	1	4	1	2	4	8	404	554
95	-35.767	14.142	23	23	1	4	1	2	4	8	82	254
96	-29.309	4.889	1	19	1	4	1	2	4	8	216	370
97	19.049	41.974	11	2	1	4	1	2	4	8	442	553
98	27.6	13.934	19	21	1	4	1	2	4	8	85	192
99	52.832	50.684	21	10	1	4	1	2	4	8	124	269
