9	3	144	4	4
460	190
460	190
460	190
460	190
460	190
460	190
460	190
460	190
460	190
460	190
460	190
460	190
460	190
460	190
460	190
460	190
0	-40.082	-24.78	0	0	0	0	0	1000
1	24.292	-27.704	0	0	0	0	0	1000
2	-45.877	41.092	0	0	0	0	0	1000
3	-11.896	15.875	0	0	0	0	0	1000
4	-55.28	-24.371	25	9	4	1	15	410	539
5	-48.297	53.314	13	22	4	1	15	125	278
6	-49.072	-38.489	20	10	4	1	15	256	378
7	25.311	-18.561	16	24	4	1	15	382	504
8	-24.469	-3.815	4	25	4	1	15	422	539
9	24.591	-17.896	2	6	4	1	15	336	444
10	-10.419	60.364	7	22	4	1	15	257	387
11	38.177	-35.175	15	1	4	1	15	81	231
12	-68.28	93.073	10	19	4	1	15	314	439
13	-30.792	-57.336	4	19	4	1	15	345	505
14	-37.061	-12.122	19	5	4	1	15	143	253
15	-15.741	-47.638	10	9	4	1	15	205	372
16	-63.379	-22.919	15	8	4	1	15	417	591
17	-43.109	-43.439	4	14	4	1	15	402	559
18	-25.623	13.599	17	4	4	1	15	114	285
19	-2.625	16.632	4	7	4	1	15	376	549
20	-41.577	-28.497	3	10	4	1	15	298	434
21	2.081	12.885	9	22	4	1	15	445	572
22	3.925	-47.845	25	17	4	1	15	213	347
23	-83.295	26.324	14	10	4	1	15	206	358
24	-6.458	26.355	23	8	4	1	15	161	257
25	3.29	6.732	7	14	4	1	15	378	522
26	-34.869	30.426	7	12	4	1	15	228	368
27	15.546	-36.273	1	17	4	1	15	402	535
28	12.842	5.127	10	19	4	1	15	103	228
29	-48.45	-24.426	15	25	4	1	15	314	446
30	-88.538	-10.461	1	25	4	1	15	387	508
31	-29.773	0.995	2	6	4	1	15	447	555
32	9.827	38.416	9	21	4	1	15	143	310
33	1.41	92.938	10	3	4	1	15	332	498
34	-79.303	15.381	2	19	4	1	15	316	425
35	-30.652	40.063	23	16	4	1	15	444	606
36	18.927	21.637	15	21	4	1	15	216	360
37	45.087	-59.906	13	17	4	1	15	188	352
38	-34.949	-3.815	16	19	4	1	15	476	615
39	81.201	-74.744	21	6	4	1	15	375	473
40	15.594	-28.455	1	10	2	2	5	10	100	197
41	-72.192	29.547	18	22	2	2	5	10	234	396
42	-42.914	-22.675	17	17	2	2	5	10	171	343
43	-76.392	-57.489	13	16	2	2	5	10	152	326
44	-28.54	12.073	5	5	2	2	5	10	140	319
45	-61.389	26.526	23	1	2	2	5	10	178	341
46	-8.472	12.616	20	21	2	2	5	10	136	294
47	-61.475	33.392	1	20	2	2	5	10	455	622
48	-34.674	-27.588	2	6	2	2	5	10	231	369
49	10.315	-12.518	15	1	2	2	5	10	322	446
50	-83.014	77.002	20	11	2	2	5	10	450	566
51	-40.417	49.988	9	22	2	2	5	10	162	334
52	83.832	33.905	13	25	2	2	5	10	439	540
53	-20.563	-75.83	4	18	2	2	5	10	216	357
54	15.442	-18.719	15	9	2	2	5	10	70	243
55	-59.937	-65.802	5	23	2	2	5	10	436	537
56	5.151	47.815	8	17	2	2	5	10	300	425
57	46.008	14.99	19	4	2	2	5	10	210	347
58	82.977	-1.66	16	1	2	2	5	10	104	279
59	39.893	-38.916	11	14	2	2	5	10	370	467
60	90.839	-83.539	23	11	2	2	5	10	169	316
61	7.068	0.067	14	7	2	2	5	10	424	548
62	18.958	40.088	24	21	2	2	5	10	300	449
63	-80.487	58.209	5	3	2	2	5	10	137	233
64	64.459	-62.946	5	18	2	2	5	10	422	564
65	-43.616	-26.117	23	5	2	2	5	10	95	230
66	-18.408	10.303	3	6	2	2	5	10	107	272
67	-43.921	63.251	10	22	2	2	5	10	299	433
68	11.353	26.221	23	13	2	2	5	10	180	323
69	-6.995	38.239	23	17	2	2	5	10	222	322
70	74.084	-34.216	20	5	2	2	5	10	109	253
71	14.301	-0.8	5	7	2	2	5	10	237	392
72	-94.141	-48.779	14	1	2	2	5	10	178	283
73	15.332	-42.169	1	3	2	2	5	10	285	405
74	-46.637	-16.461	10	10	2	2	5	10	457	606
75	-0.958	-81	3	5	2	2	5	10	300	416
76	-37.445	-42.505	4	1	1	4	1	2	4	8	129	299
77	-3.68	-69.073	23	17	1	4	1	2	4	8	372	511
78	34.894	-20.898	21	14	1	4	1	2	4	8	95	260
79	45.544	51.41	3	4	1	4	1	2	4	8	122	251
80	-31.927	88.239	21	10	1	4	1	2	4	8	233	387
81	-13.58	-26.959	25	25	1	4	1	2	4	8	306	411
82	12.653	-48.34	5	11	1	4	1	2	4	8	129	234
83	-46.179	-38.269	11	16	1	4	1	2	4	8	248	346
84	-29.62	35.083	10	25	1	4	1	2	4	8	106	251
85	13.696	43.988	5	20	1	4	1	2	4	8	410	570
86	38.342	-46.338	3	3	1	4	1	2	4	8	432	539
87	-26.227	24.506	13	7	1	4	1	2	4	8	350	455
88	90.009	-43.64	19	2	1	4	1	2	4	8	190	339
89	-6.995	22.522	13	6	1	4	1	2	4	8	110	257
90	-29.993	-28.851	8	14	1	4	1	2	4	8	383	531
91	-56.268	-64.74	13	14	1	4	1	2	4	8	324	442
92	-87.415	90.796	15	2	1	4	1	2	4	8	158	285
93	-5.762	54.034	10	15	1	4	1	2	4	8	272	413
94	-34.845	-27.185	4	22	1	4	1	2	4	8	404	554
95	-16.479	16.18	23	4	1	4	1	2	4	8	82	254
96	23.712	29.492	23	22	1	4	1	2	4	8	216	370
97	-40.991	46.594	14	19	1	4	1	2	4	8	442	553
98	-53.516	-21.619	20	5	1	4	1	2	4	8	85	192
99	-17.56	37.494	3	10	1	4	1	2	4	8	124	269
100	-37.311	56.836	5	4	1	4	1	2	4	8	242	411
101	71.515	22.51	16	7	1	4	1	2	4	8	238	394
102	-41.864	27.71	21	11	1	4	1	2	4	8	447	612
103	14.819	-82.117	4	14	1	4	1	2	4	8	387	483
104	30.316	-55.322	2	2	1	4	1	2	4	8	148	257
105	-39.172	47.998	11	12	1	4	1	2	4	8	267	419
106	-94.415	15.192	15	12	1	4	1	2	4	8	282	384
107	-7.806	11.273	16	24	1	4	1	2	4	8	288	397
108	28.571	-49.908	3	8	1	4	1	2	4	8	169	343
109	-20.654	24.554	21	4	1	4	1	2	4	8	466	604
110	-30.963	-18.903	21	25	1	4	1	2	4	8	418	521
111	1.721	-20.447	25	6	1	4	1	2	4	8	411	571
112	-31.012	-21.106	12	9	1	4	1	2	4	8	282	416
113	-85.718	-28.015	21	23	1	4	1	2	4	8	80	202
114	58.826	-63.043	6	15	1	4	1	2	4	8	367	494
115	-15.753	-52.686	2	7	1	4	1	2	4	8	345	462
116	-71.661	51.184	24	6	1	4	1	2	4	8	392	499
117	-92.633	-6.598	21	5	1	4	1	2	4	8	94	184
118	33.508	-49.255	24	12	1	4	1	2	4	8	386	506
119	59.314	54.095	11	3	1	4	1	2	4	8	263	386
120	30.737	-28.436	12	22	1	4	1	2	4	8	61	175
121	-55.896	18.457	22	18	1	4	1	2	4	8	170	312
122	-89.96	-39.532	19	16	1	4	1	2	4	8	124	296
123	36.438	20.819	8	5	1	4	1	2	4	8	340	466
124	-53.674	-56.427	9	1	1	4	1	2	4	8	273	391
125	-31.866	32.538	10	8	1	4	1	2	4	8	130	253
126	5.658	12.756	5	20	1	4	1	2	4	8	154	318
127	-52.905	42.804	14	17	1	4	1	2	4	8	124	274
128	47.131	-45.465	7	11	1	4	1	2	4	8	119	211
129	30.792	9.869	5	8	1	4	1	2	4	8	150	245
130	-45.209	-56.293	22	15	1	4	1	2	4	8	98	269
131	10.919	13.306	5	16	1	4	1	2	4	8	367	525
132	-32.99	-34.003	1	6	1	4	1	2	4	8	134	262
133	-40.869	30.579	9	24	1	4	1	2	4	8	459	586
134	-69.348	80.408	16	10	1	4	1	2	4	8	471	565
135	-58.966	-29.541	14	4	1	4	1	2	4	8	194	319
136	-36.847	-33.71	21	10	1	4	1	2	4	8	134	256
137	-21.82	65.369	8	17	1	4	1	2	4	8	164	276
138	22.98	-41.01	7	5	1	4	1	2	4	8	282	405
139	-77.557	59.814	24	14	1	4	1	2	4	8	89	238
140	-47.205	67.725	24	16	1	4	1	2	4	8	358	490
141	-21.606	35.168	16	11	1	4	1	2	4	8	211	376
142	-55.676	-31.384	4	25	1	4	1	2	4	8	456	624
143	-85.229	88.788	7	4	1	4	1	2	4	8	219	358
144	-3.918	-63.525	13	12	1	4	1	2	4	8	451	577
145	-58.557	59.375	25	19	1	4	1	2	4	8	415	568
146	-24.542	14.935	10	6	1	4	1	2	4	8	65	188
147	-48.779	16.968	24	23	1	4	1	2	4	8	372	543
