9	4	192	4	4
440	185
440	185
440	185
440	185
440	185
440	185
440	185
440	185
440	185
440	185
440	185
440	185
440	185
440	185
440	185
440	185
0	-0.14	7.266	0	0	0	0	0	1000
1	-23.138	48.45	0	0	0	0	0	1000
2	-26.102	16.809	0	0	0	0	0	1000
3	0.244	-35.892	0	0	0	0	0	1000
4	-44.629	-55.64	6	11	4	1	15	206	382
5	36.096	64.935	16	11	4	1	15	126	266
6	-25.47	44.58	7	23	4	1	15	189	280
7	-33.954	-73.059	20	16	4	1	15	472	650
8	45.654	35.73	7	16	4	1	15	474	579
9	14.954	-36.719	8	2	4	1	15	214	373
10	-1.477	47.205	4	1	4	1	15	301	437
11	2.155	-40.912	23	25	4	1	15	223	350
12	22.992	1.398	4	24	4	1	15	220	331
13	-28.857	5.957	5	14	4	1	15	472	563
14	-48.12	94.116	15	6	4	1	15	225	327
15	7.239	17.322	12	20	4	1	15	172	303
16	4.614	27.051	12	10	4	1	15	151	288
17	-13.971	28.198	18	11	4	1	15	433	562
18	12.946	-11.688	19	2	4	1	15	478	614
19	-36.67	23.102	17	22	4	1	15	340	431
20	-4.224	-49.31	2	2	4	1	15	224	367
21	1.093	-7.135	15	12	4	1	15	240	370
22	-56.958	27.905	10	9	4	1	15	160	290
23	-80.994	-77.686	3	21	4	1	15	214	383
24	72.26	59.027	24	10	4	1	15	455	565
25	-21.655	1.636	1	13	4	1	15	381	551
26	-20.154	-62.415	22	25	4	1	15	154	317
27	-48.157	6.287	22	9	4	1	15	239	354
28	-5.078	61.597	17	19	4	1	15	200	331
29	17.145	-47.046	7	22	4	1	15	336	435
30	-16.064	8.557	11	4	4	1	15	171	304
31	6.683	-27.069	4	4	4	1	15	122	249
32	15.027	-34.979	15	7	4	1	15	115	227
33	37.946	73.914	15	20	4	1	15	310	468
34	-41.199	-43.018	9	17	4	1	15	164	259
35	32.538	11.786	15	19	4	1	15	229	384
36	-20.306	-20.239	1	12	4	1	15	78	195
37	-35.48	19.135	13	2	4	1	15	191	343
38	58.038	56.659	17	13	4	1	15	214	349
39	-36.694	-6.256	17	24	4	1	15	192	294
40	0.446	-46.735	25	22	4	1	15	199	335
41	-19.69	38.977	5	17	4	1	15	339	476
42	-47.339	20.911	25	19	4	1	15	153	296
43	-79.236	-57.678	2	4	4	1	15	209	315
44	5.597	-34.076	9	12	4	1	15	318	451
45	34.454	-8.289	7	22	4	1	15	440	549
46	18.5	-51.154	5	2	4	1	15	184	306
47	-4.346	-44.525	3	19	4	1	15	386	557
48	-14.148	-74.164	17	3	4	1	15	72	231
49	19.867	77.515	12	5	4	1	15	188	317
50	-50.079	17.871	21	22	4	1	15	407	522
51	42.786	-79.883	18	6	4	1	15	245	400
52	1.52	-29.034	8	9	2	2	5	10	385	485
53	14.728	-3.436	14	8	2	2	5	10	137	306
54	-26.166	-48.999	22	24	2	2	5	10	68	196
55	-63.873	-5.273	16	15	2	2	5	10	71	178
56	-54.138	7.086	21	16	2	2	5	10	72	204
57	17.932	-34.094	7	9	2	2	5	10	177	300
58	-98.706	34.552	12	1	2	2	5	10	339	467
59	28.802	-8.582	2	18	2	2	5	10	307	443
60	2.716	90.594	5	17	2	2	5	10	164	339
61	-31.024	48.938	3	18	2	2	5	10	277	450
62	-46.545	42.316	11	2	2	2	5	10	107	231
63	27.289	58.179	2	25	2	2	5	10	278	373
64	28.815	-28.027	7	21	2	2	5	10	407	554
65	-26.099	11.328	20	19	2	2	5	10	123	273
66	0.537	-26.221	7	10	2	2	5	10	322	466
67	-50.458	7.812	11	2	2	2	5	10	425	575
68	30.005	19.092	24	21	2	2	5	10	122	235
69	-12.604	22.058	15	20	2	2	5	10	170	310
70	22.009	-8.636	5	21	2	2	5	10	109	216
71	8.942	2.875	25	2	2	2	5	10	78	251
72	-19.812	0.922	12	6	2	2	5	10	477	634
73	-4.23	31.25	22	2	2	2	5	10	338	435
74	17.975	-0.409	11	12	2	2	5	10	166	308
75	-2.35	42.938	16	12	2	2	5	10	429	534
76	-16.516	68.085	10	5	2	2	5	10	203	355
77	-1.19	42.023	3	5	2	2	5	10	119	278
78	56.635	-44.019	10	8	2	2	5	10	450	620
79	57.483	35.504	17	15	2	2	5	10	100	236
80	-26.099	7.477	2	8	2	2	5	10	285	430
81	7.489	-57.239	21	7	2	2	5	10	106	249
82	-22.095	55.78	16	14	2	2	5	10	116	220
83	19.867	38.824	6	18	2	2	5	10	107	258
84	5.31	49.219	12	17	2	2	5	10	407	513
85	15.155	6.299	23	5	2	2	5	10	317	429
86	5.481	-31.5	23	6	2	2	5	10	132	267
87	7.959	-28.662	18	9	2	2	5	10	167	319
88	-75.812	4.01	18	24	2	2	5	10	179	290
89	-43.671	-61.646	14	13	2	2	5	10	360	477
90	-2.576	-62.14	2	5	2	2	5	10	173	269
91	-18.842	-36.884	11	4	2	2	5	10	198	332
92	20.844	21.167	24	22	2	2	5	10	103	262
93	3.137	-19.22	14	24	2	2	5	10	168	280
94	-20.361	18.878	3	25	2	2	5	10	296	469
95	-0.897	-54.938	21	9	2	2	5	10	296	419
96	-29.553	9.277	8	8	2	2	5	10	169	322
97	5.048	-35.046	19	8	2	2	5	10	61	181
98	27.759	48.712	7	25	2	2	5	10	245	408
99	12.079	-42.346	19	7	2	2	5	10	454	574
100	-51.27	41.144	23	24	1	4	1	2	4	8	295	434
101	-29.077	4.291	8	16	1	4	1	2	4	8	119	248
102	-18.555	-14.819	18	15	1	4	1	2	4	8	183	342
103	7.855	-49.451	7	7	1	4	1	2	4	8	434	553
104	-19.116	-32.086	1	17	1	4	1	2	4	8	82	175
105	17.651	-52.271	9	9	1	4	1	2	4	8	135	283
106	16.907	-62.964	5	14	1	4	1	2	4	8	311	454
107	18.988	6.219	23	20	1	4	1	2	4	8	217	333
108	-68.878	-64.539	18	6	1	4	1	2	4	8	410	542
109	-13.361	20.264	5	17	1	4	1	2	4	8	143	306
110	-44.44	63.721	17	23	1	4	1	2	4	8	233	347
111	-6.5	71.436	9	14	1	4	1	2	4	8	195	300
112	-51.978	25.409	19	19	1	4	1	2	4	8	143	241
113	-0.739	59.491	20	21	1	4	1	2	4	8	268	445
114	-64.679	83.038	1	6	1	4	1	2	4	8	154	257
115	-11.273	-35.944	18	1	1	4	1	2	4	8	255	406
116	-16.864	7.776	15	22	1	4	1	2	4	8	142	254
117	19.843	-49.805	10	7	1	4	1	2	4	8	311	452
118	-16.284	-2.936	8	14	1	4	1	2	4	8	137	238
119	8.356	67.041	14	7	1	4	1	2	4	8	281	381
120	30.878	24.316	15	25	1	4	1	2	4	8	289	419
121	93.524	-20.233	17	17	1	4	1	2	4	8	329	478
122	-9.332	-56.177	9	10	1	4	1	2	4	8	359	504
123	-34.442	-63.312	13	23	1	4	1	2	4	8	398	566
124	20.941	-5.646	18	22	1	4	1	2	4	8	448	562
125	-3.418	89.594	20	3	1	4	1	2	4	8	115	288
126	-18.738	45.227	8	14	1	4	1	2	4	8	261	387
127	2.435	-30.524	2	14	1	4	1	2	4	8	112	287
128	-28.864	56.616	7	2	1	4	1	2	4	8	329	439
129	76.88	-29.901	6	2	1	4	1	2	4	8	100	241
130	-90.466	10.278	12	21	1	4	1	2	4	8	376	506
131	-35.101	46.545	12	10	1	4	1	2	4	8	121	232
132	-48.395	43.854	25	10	1	4	1	2	4	8	343	468
133	-40.997	26.703	6	5	1	4	1	2	4	8	302	399
134	13.696	34.607	5	9	1	4	1	2	4	8	118	245
135	-71.472	11.45	20	15	1	4	1	2	4	8	93	257
136	-36.23	51.904	2	19	1	4	1	2	4	8	101	192
137	-39.465	4.907	25	7	1	4	1	2	4	8	282	453
138	-16.565	23.773	7	11	1	4	1	2	4	8	347	461
139	10.754	-28.552	6	2	1	4	1	2	4	8	376	554
140	-23.029	47.015	21	25	1	4	1	2	4	8	422	592
141	-8.807	21.216	19	14	1	4	1	2	4	8	93	272
142	-40.039	27.435	22	15	1	4	1	2	4	8	209	349
143	-37.445	-41.04	8	12	1	4	1	2	4	8	85	193
144	48.224	0.085	19	11	1	4	1	2	4	8	469	624
145	-0.323	68.237	6	17	1	4	1	2	4	8	126	229
146	-14.294	-33.423	24	4	1	4	1	2	4	8	435	591
147	-1.44	-34.814	15	24	1	4	1	2	4	8	390	481
148	-34.454	42.346	25	8	1	4	1	2	4	8	72	188
149	8.679	-66.18	6	20	1	4	1	2	4	8	278	399
150	-61.249	-51.367	21	12	1	4	1	2	4	8	80	189
151	-1.093	9.912	4	10	1	4	1	2	4	8	402	553
152	-16.565	66.547	10	12	1	4	1	2	4	8	120	254
153	8.435	52.838	16	9	1	4	1	2	4	8	111	280
154	-22.034	-36.896	12	16	1	4	1	2	4	8	133	262
155	15.765	17.322	13	23	1	4	1	2	4	8	348	513
156	9.003	-18.695	2	15	1	4	1	2	4	8	156	270
157	-4.584	3.491	3	10	1	4	1	2	4	8	437	561
158	8.875	40.662	10	21	1	4	1	2	4	8	156	304
159	26.093	-33.966	18	2	1	4	1	2	4	8	294	465
160	-32.501	39.526	18	16	1	4	1	2	4	8	344	477
161	-32.629	-82.581	11	15	1	4	1	2	4	8	427	580
162	-98.486	22.021	7	11	1	4	1	2	4	8	106	263
163	-59.052	4.163	18	11	1	4	1	2	4	8	283	413
164	7.428	-2.57	15	17	1	4	1	2	4	8	223	358
165	-59.601	12.469	5	3	1	4	1	2	4	8	355	512
166	-11.224	-31.83	20	9	1	4	1	2	4	8	225	389
167	-16.809	-35.04	9	1	1	4	1	2	4	8	201	327
168	21.863	18.14	22	13	1	4	1	2	4	8	147	313
169	45.038	-61.316	13	1	1	4	1	2	4	8	285	381
170	-48.816	25.568	24	2	1	4	1	2	4	8	245	399
171	-32.184	-16.736	4	22	1	4	1	2	4	8	238	341
172	12.439	-41.492	16	10	1	4	1	2	4	8	353	493
173	-21.082	-77.075	16	4	1	4	1	2	4	8	182	311
174	-17.822	-18.518	14	9	1	4	1	2	4	8	429	548
175	48.334	93.518	14	11	1	4	1	2	4	8	229	362
176	-18.677	49.005	25	3	1	4	1	2	4	8	195	334
177	12.14	30.042	23	19	1	4	1	2	4	8	180	288
178	3.113	-40.302	23	19	1	4	1	2	4	8	249	422
179	17.133	37.079	4	4	1	4	1	2	4	8	424	556
180	22.577	0.836	17	19	1	4	1	2	4	8	469	628
181	-30.426	52.942	12	15	1	4	1	2	4	8	168	312
182	33.765	-67.108	11	21	1	4	1	2	4	8	166	276
183	5.414	1.532	24	25	1	4	1	2	4	8	310	412
184	72.156	30.103	22	4	1	4	1	2	4	8	443	557
185	-24.109	-34.625	10	3	1	4	1	2	4	8	367	540
186	17.413	75.146	10	6	1	4	1	2	4	8	199	325
187	10.638	-60.052	10	6	1	4	1	2	4	8	114	209
188	-5.176	-48.999	5	21	1	4	1	2	4	8	77	178
189	-19.342	21.118	13	25	1	4	1	2	4	8	400	533
190	-46.802	-14.661	18	10	1	4	1	2	4	8	345	521
191	-16.779	43.439	25	25	1	4	1	2	4	8	359	525
192	14.093	-13.605	12	19	1	4	1	2	4	8	302	414
193	-21.063	26.019	18	19	1	4	1	2	4	8	177	318
194	39.813	-40.668	9	22	1	4	1	2	4	8	298	429
195	52.057	30.334	23	5	1	4	1	2	4	8	323	457
