9	4	240	4	4
420	180
420	180
420	180
420	180
420	180
420	180
420	180
420	180
420	180
420	180
420	180
420	180
420	180
420	180
420	180
420	180
0	34.43	-17.151	0	0	0	0	0	1000
1	0.269	-8.154	0	0	0	0	0	1000
2	3.14	13.297	0	0	0	0	0	1000
3	-3.113	-29.745	0	0	0	0	0	1000
4	65.991	-49.829	20	10	4	1	15	422	555
5	-36.938	-36.743	20	25	4	1	15	128	256
6	-2.734	18.774	13	18	4	1	15	122	271
7	31.116	-35.907	13	16	4	1	15	141	286
8	2.789	8.008	17	14	4	1	15	106	199
9	31.152	43.665	24	7	4	1	15	92	212
10	-36.304	-21.307	15	9	4	1	15	345	487
11	52.814	35.046	12	16	4	1	15	366	470
12	11.267	20.66	20	24	4	1	15	127	225
13	-0.623	23.114	20	6	4	1	15	179	292
14	43.091	-12.36	3	22	4	1	15	308	401
15	6.854	19.073	8	11	4	1	15	139	234
16	-6.848	25.317	16	19	4	1	15	306	406
17	-27.93	-23.712	20	20	4	1	15	465	566
18	33.24	-30.487	21	20	4	1	15	422	523
19	63.885	-52.881	23	16	4	1	15	305	404
20	-13.672	-43.945	21	5	4	1	15	151	301
21	-0.647	-27.502	3	21	4	1	15	455	587
22	59.406	-49.261	19	19	4	1	15	107	233
23	27.167	-5.713	20	18	4	1	15	221	316
24	70.001	-20.844	7	22	4	1	15	329	454
25	35.327	-65.167	14	19	4	1	15	384	490
26	-14.386	-42.236	24	15	4	1	15	79	175
27	19.366	30.273	3	24	4	1	15	76	173
28	-39.789	10.101	13	20	4	1	15	297	433
29	-15.753	-40.204	1	17	4	1	15	358	514
30	-28.418	-40.503	5	20	4	1	15	375	521
31	27.081	9.735	2	12	4	1	15	218	364
32	22.205	-9.216	9	23	4	1	15	87	235
33	-0.83	-6.525	18	15	4	1	15	289	439
34	10.217	75.531	5	19	4	1	15	432	603
35	7.446	18.5	12	23	4	1	15	433	581
36	48.914	-20.294	11	9	4	1	15	360	450
37	-18.958	-29.675	17	21	4	1	15	194	333
38	16.815	-6.659	21	17	4	1	15	373	503
39	2.509	-30.42	5	6	4	1	15	429	536
40	15.424	4.913	5	10	4	1	15	298	473
41	60.315	89.801	7	9	4	1	15	445	557
42	40.405	-45.367	24	19	4	1	15	134	248
43	-26.837	-54.272	1	17	4	1	15	267	395
44	69.171	72.577	12	22	4	1	15	76	254
45	-22.815	46.173	6	8	4	1	15	281	426
46	-14.258	-30.249	5	25	4	1	15	232	409
47	76.05	12.073	19	13	4	1	15	317	492
48	63.043	60.022	23	1	4	1	15	333	424
49	-20.239	-81.97	8	15	4	1	15	474	608
50	-41.168	-42.023	1	16	4	1	15	364	478
51	79.199	-29.016	20	20	4	1	15	329	467
52	-20.728	-7.068	16	14	4	1	15	330	429
53	-4.163	-53.497	8	2	4	1	15	478	585
54	39.594	-40.46	16	5	4	1	15	66	239
55	-47.125	-77.85	25	16	4	1	15	126	239
56	-1.233	49.182	5	12	4	1	15	264	403
57	-0.372	-27.264	10	1	4	1	15	144	253
58	31.537	-8.722	24	15	4	1	15	154	325
59	-0.134	-20.264	16	5	4	1	15	244	419
60	66.394	-26.691	7	9	4	1	15	159	273
61	6.104	-64.093	14	8	4	1	15	130	263
62	13.544	-20.874	11	2	4	1	15	334	434
63	54.211	-6.537	15	10	4	1	15	420	514
64	22.046	-34.137	23	25	2	2	5	10	392	544
65	-9.723	4.706	5	24	2	2	5	10	151	316
66	-11.584	-46.857	16	7	2	2	5	10	117	240
67	-2.905	-0.305	13	14	2	2	5	10	131	298
68	13.837	-44.452	18	3	2	2	5	10	64	237
69	17.48	27.747	14	23	2	2	5	10	119	209
70	2.972	-43.689	3	21	2	2	5	10	109	268
71	-44.354	-38.202	22	13	2	2	5	10	340	441
72	-59.399	1.514	16	15	2	2	5	10	356	476
73	-13.452	-75.531	16	14	2	2	5	10	391	556
74	-5.518	-51.947	2	7	2	2	5	10	295	430
75	-9.589	-26.88	19	20	2	2	5	10	139	232
76	19.318	29.498	23	6	2	2	5	10	277	412
77	26.245	36.743	6	24	2	2	5	10	286	465
78	43.707	-28.033	11	17	2	2	5	10	386	560
79	-52.026	-35.339	19	3	2	2	5	10	78	221
80	-8.435	-0.116	3	15	2	2	5	10	337	474
81	89.111	62.122	14	6	2	2	5	10	325	416
82	6.067	-16.132	14	21	2	2	5	10	103	206
83	27.094	-5.103	19	25	2	2	5	10	386	500
84	27.527	-15.344	3	18	2	2	5	10	288	445
85	42.511	32.056	18	1	2	2	5	10	225	379
86	25.311	12.689	24	19	2	2	5	10	252	415
87	47.778	-12.769	6	17	2	2	5	10	404	513
88	-3.143	-13.837	1	20	2	2	5	10	169	333
89	12.482	-78.101	3	1	2	2	5	10	190	368
90	-21.039	-3.43	15	13	2	2	5	10	383	516
91	-3.149	-55.432	18	25	2	2	5	10	71	220
92	53.009	84.9	5	16	2	2	5	10	469	571
93	35.638	-47.552	23	5	2	2	5	10	64	236
94	43.427	-18.439	10	18	2	2	5	10	187	292
95	6.598	-54.578	20	17	2	2	5	10	90	253
96	87.952	94.012	11	15	2	2	5	10	123	274
97	39.105	-48.743	16	13	2	2	5	10	101	229
98	-48.34	-26.477	15	15	2	2	5	10	406	535
99	72.003	-9.253	19	2	2	2	5	10	364	458
100	-37.732	3.351	4	1	2	2	5	10	347	456
101	-65.967	-36.749	14	9	2	2	5	10	420	521
102	-16.669	-35.284	23	16	2	2	5	10	339	491
103	10.742	-4.669	11	6	2	2	5	10	61	203
104	15.594	-5.817	21	18	2	2	5	10	437	603
105	21.606	-18.109	14	24	2	2	5	10	423	567
106	9.784	49.28	16	24	2	2	5	10	340	434
107	94.147	-4.492	25	9	2	2	5	10	146	270
108	10.382	-16.302	17	19	2	2	5	10	230	409
109	-1.453	-0.861	16	12	2	2	5	10	239	338
110	-6.219	25.305	13	22	2	2	5	10	467	591
111	-6.25	10.217	23	13	2	2	5	10	400	539
112	-17.444	-70.795	10	20	2	2	5	10	424	576
113	-55.09	-43.854	2	25	2	2	5	10	457	599
114	-9.442	23.724	15	1	2	2	5	10	360	529
115	8.978	35.406	14	24	2	2	5	10	165	260
116	-16.754	-0.812	22	10	2	2	5	10	312	430
117	66.852	-37.842	15	22	2	2	5	10	108	210
118	14.716	-23.724	16	14	2	2	5	10	308	479
119	33.472	20.026	12	12	2	2	5	10	299	466
120	66.394	-70.111	14	23	2	2	5	10	97	242
121	-5.664	8.881	15	14	2	2	5	10	68	225
122	-5.103	-46.729	11	23	2	2	5	10	175	292
123	-8.826	55.743	11	25	2	2	5	10	457	577
124	5.847	-3.186	4	5	1	4	1	2	4	8	202	312
125	-25.726	-37.695	23	7	1	4	1	2	4	8	100	234
126	-15.363	-24.548	13	25	1	4	1	2	4	8	368	547
127	43.793	-11.102	22	11	1	4	1	2	4	8	101	210
128	17.664	-25.604	17	18	1	4	1	2	4	8	119	246
129	-39.624	54.883	2	18	1	4	1	2	4	8	471	568
130	-24.554	-43.225	5	1	1	4	1	2	4	8	233	411
131	-26.892	-12.738	14	7	1	4	1	2	4	8	296	451
132	34.155	-38.458	1	22	1	4	1	2	4	8	133	255
133	-47.314	-29.468	13	7	1	4	1	2	4	8	146	303
134	49.365	-25.592	8	3	1	4	1	2	4	8	185	345
135	3.705	-16.449	24	18	1	4	1	2	4	8	413	526
136	22.43	-23.273	12	8	1	4	1	2	4	8	67	216
137	-37.549	-29.608	23	6	1	4	1	2	4	8	400	541
138	25.549	3.674	1	7	1	4	1	2	4	8	413	517
139	-15.216	3.284	2	20	1	4	1	2	4	8	242	359
140	-12.939	-7.495	8	10	1	4	1	2	4	8	66	184
141	-22.107	26.434	18	2	1	4	1	2	4	8	395	498
142	-17.944	7.733	14	3	1	4	1	2	4	8	382	494
143	-21.234	14.49	23	10	1	4	1	2	4	8	370	537
144	3.503	-19.708	14	5	1	4	1	2	4	8	66	161
145	32.599	-14.935	4	25	1	4	1	2	4	8	257	401
146	-5.737	-28.296	24	23	1	4	1	2	4	8	385	483
147	-6.128	-39.624	9	21	1	4	1	2	4	8	409	510
148	-2.46	12.817	15	13	1	4	1	2	4	8	62	154
149	-6.47	8.466	10	1	1	4	1	2	4	8	330	423
150	-37.891	-36.115	3	11	1	4	1	2	4	8	91	227
151	10.852	-18.75	12	6	1	4	1	2	4	8	105	249
152	50.104	8.636	6	9	1	4	1	2	4	8	309	475
153	46.844	4.712	1	17	1	4	1	2	4	8	374	491
154	19.598	-10.406	24	13	1	4	1	2	4	8	408	533
155	-38.947	52.942	3	23	1	4	1	2	4	8	409	553
156	-0.641	-21.289	4	19	1	4	1	2	4	8	225	325
157	40.906	-33.765	7	11	1	4	1	2	4	8	388	494
158	-0.574	-62.299	21	12	1	4	1	2	4	8	257	371
159	-9.778	26.794	1	18	1	4	1	2	4	8	274	371
160	34.265	-23.895	24	25	1	4	1	2	4	8	169	274
161	29.572	-24.561	5	13	1	4	1	2	4	8	126	300
162	16.376	-58.887	23	24	1	4	1	2	4	8	427	552
163	61.877	-15.167	5	5	1	4	1	2	4	8	143	311
164	40.088	-9.625	17	14	1	4	1	2	4	8	233	352
165	0.122	-4.645	24	18	1	4	1	2	4	8	233	340
166	-8.929	-43.903	23	25	1	4	1	2	4	8	236	336
167	-7.135	-57.434	3	11	1	4	1	2	4	8	325	442
168	7.55	-21.21	5	18	1	4	1	2	4	8	244	372
169	3.949	7.3	22	23	1	4	1	2	4	8	396	510
170	-15.118	92.023	9	22	1	4	1	2	4	8	447	590
171	84.821	-24.518	23	20	1	4	1	2	4	8	169	274
172	-52.325	30.682	15	11	1	4	1	2	4	8	125	288
173	7.538	13.818	15	11	1	4	1	2	4	8	380	545
174	-21.484	30.359	11	19	1	4	1	2	4	8	250	428
175	36.047	29.883	20	13	1	4	1	2	4	8	125	223
176	12.781	-40.942	10	24	1	4	1	2	4	8	209	357
177	-17.291	-10.254	24	6	1	4	1	2	4	8	165	341
178	-10.541	12.402	10	5	1	4	1	2	4	8	61	234
179	-15.845	-59.46	6	24	1	4	1	2	4	8	387	496
180	29.266	-2.222	22	7	1	4	1	2	4	8	244	388
181	-12.598	-58.929	25	13	1	4	1	2	4	8	464	597
182	-17.303	-35.297	11	25	1	4	1	2	4	8	84	215
183	57.05	-50.354	6	15	1	4	1	2	4	8	328	452
184	26.941	17.444	9	15	1	4	1	2	4	8	437	611
185	-6.195	-8.881	6	16	1	4	1	2	4	8	234	405
186	16.98	-16.321	12	5	1	4	1	2	4	8	70	180
187	83.71	-32.52	4	15	1	4	1	2	4	8	405	545
188	12.451	34.589	24	24	1	4	1	2	4	8	352	525
189	15.057	67.004	18	15	1	4	1	2	4	8	448	577
190	25.818	-5.835	3	9	1	4	1	2	4	8	289	396
191	13.666	-14.832	18	19	1	4	1	2	4	8	222	374
192	48.322	-5.164	17	15	1	4	1	2	4	8	272	428
193	13.489	19.739	23	2	1	4	1	2	4	8	239	386
194	-18.512	65.405	10	3	1	4	1	2	4	8	342	482
195	17.554	38.379	22	18	1	4	1	2	4	8	332	510
196	37.775	-16.003	5	20	1	4	1	2	4	8	412	554
197	47.968	-30.31	16	14	1	4	1	2	4	8	149	265
198	38.806	36.243	10	10	1	4	1	2	4	8	450	562
199	-16.089	-42.841	10	6	1	4	1	2	4	8	197	325
200	28.656	-1.99	9	17	1	4	1	2	4	8	74	191
201	-5.859	-1.862	5	20	1	4	1	2	4	8	271	425
202	60.516	63.416	9	3	1	4	1	2	4	8	167	311
203	63.196	-47.766	12	14	1	4	1	2	4	8	302	469
204	-15.308	-23.285	16	12	1	4	1	2	4	8	116	236
205	-2.875	0.787	8	2	1	4	1	2	4	8	447	572
206	32.056	-10.175	1	11	1	4	1	2	4	8	396	532
207	-18.634	-25.665	1	16	1	4	1	2	4	8	432	547
208	-3.632	25.433	18	18	1	4	1	2	4	8	326	417
209	10.48	22.888	22	14	1	4	1	2	4	8	410	504
210	1.819	-3.009	20	6	1	4	1	2	4	8	317	408
211	-25.275	-12.183	4	12	1	4	1	2	4	8	420	561
212	56.927	-75.507	15	21	1	4	1	2	4	8	97	213
213	13.885	-36.23	7	1	1	4	1	2	4	8	292	389
214	32.52	-29.523	25	18	1	4	1	2	4	8	143	237
215	4.803	-7.288	3	17	1	4	1	2	4	8	421	567
216	11.365	-8.344	22	15	1	4	1	2	4	8	322	482
217	17.126	-24.646	5	4	1	4	1	2	4	8	246	365
218	-33.661	-41.241	1	18	1	4	1	2	4	8	461	626
219	-32.391	-50.885	9	22	1	4	1	2	4	8	294	457
220	23.041	-14.496	16	16	1	4	1	2	4	8	189	301
221	-21.857	-39.502	23	14	1	4	1	2	4	8	430	538
222	32.013	77.332	5	25	1	4	1	2	4	8	264	394
223	13.831	-76.19	5	15	1	4	1	2	4	8	186	353
224	-8.051	-21.179	6	6	1	4	1	2	4	8	218	344
225	25.391	46.613	16	7	1	4	1	2	4	8	95	216
226	49.536	-54.639	25	21	1	4	1	2	4	8	384	550
227	63.416	-8.636	1	3	1	4	1	2	4	8	238	330
228	2.301	-5.536	25	15	1	4	1	2	4	8	221	321
229	52.423	29.895	17	24	1	4	1	2	4	8	412	538
230	9.296	-16.254	11	2	1	4	1	2	4	8	159	272
231	34.845	-96.185	24	17	1	4	1	2	4	8	218	378
232	-21.063	-41.498	10	2	1	4	1	2	4	8	133	310
233	28.448	10.242	12	25	1	4	1	2	4	8	97	225
234	16.254	-22.583	17	15	1	4	1	2	4	8	346	520
235	-36.639	-34.033	18	3	1	4	1	2	4	8	382	538
236	-27.356	-50.177	5	1	1	4	1	2	4	8	382	492
237	-53.705	11.334	16	1	1	4	1	2	4	8	224	359
238	26.276	-5.994	9	20	1	4	1	2	4	8	99	216
239	-31.519	34.589	6	19	1	4	1	2	4	8	167	257
240	-14.612	-31.506	1	2	1	4	1	2	4	8	101	207
241	-4.242	-30.865	4	9	1	4	1	2	4	8	170	330
242	-18.524	-29.486	20	4	1	4	1	2	4	8	195	328
243	-17.133	-19.397	19	16	1	4	1	2	4	8	199	373
