9	5	288	4	4
400	175
400	175
400	175
400	175
400	175
400	175
400	175
400	175
400	175
400	175
400	175
400	175
400	175
400	175
400	175
400	175
0	2.277	7.84	0	0	0	0	0	1000
1	32.883	-1.779	0	0	0	0	0	1000
2	-49.554	-17.828	0	0	0	0	0	1000
3	3.69	-26.099	0	0	0	0	0	1000
4	-66.174	-37.811	13	19	4	1	15	218	308
5	2.673	-35.223	16	21	4	1	15	129	244
6	38.751	8.618	1	17	4	1	15	475	593
7	62.653	20.667	9	6	4	1	15	230	341
8	60.974	-6.11	20	6	4	1	15	159	330
9	-98.535	-39.532	2	19	4	1	15	390	561
10	8.411	-81.274	5	17	4	1	15	389	538
11	-14.569	26.056	10	19	4	1	15	89	260
12	-34.186	-76.697	10	2	4	1	15	454	628
13	55.145	-33.911	25	3	4	1	15	306	441
14	15.869	8.716	2	24	4	1	15	391	565
15	-63.416	-20.282	5	5	4	1	15	106	254
16	-9.357	-42.212	16	9	4	1	15	460	613
17	-53.619	3.729	24	20	4	1	15	76	240
18	53.491	-3.308	7	19	4	1	15	366	523
19	-22.614	-32.794	19	20	4	1	15	270	377
20	39.612	-1.55	15	4	4	1	15	78	235
21	16.705	-22.748	7	3	4	1	15	251	385
22	-51.245	-13.757	16	2	4	1	15	475	597
23	-29.907	14.38	20	23	4	1	15	229	340
24	-70.441	-27.911	21	6	4	1	15	203	342
25	-75.385	-30.811	7	17	4	1	15	388	521
26	10.59	-28.931	17	17	4	1	15	425	544
27	86.34	-45.935	11	3	4	1	15	333	503
28	3.864	34.583	6	16	4	1	15	394	535
29	-37.598	-42.114	4	15	4	1	15	380	503
30	69.44	1.379	16	23	4	1	15	160	318
31	-13.818	1.245	8	15	4	1	15	313	479
32	-27.124	-38.037	13	12	4	1	15	60	154
33	-69.348	-14.734	25	19	4	1	15	267	409
34	58.575	29.346	16	23	4	1	15	281	438
35	58.105	31.702	2	10	4	1	15	217	358
36	-62.25	-16.425	12	23	4	1	15	222	375
37	-66.382	13.586	12	22	4	1	15	197	324
38	68.03	-12.482	14	4	4	1	15	111	237
39	-30.701	-41.681	16	5	4	1	15	247	358
40	-55.389	-51.05	9	1	4	1	15	397	522
41	36.237	-2.655	16	11	4	1	15	130	308
42	-1.215	5.591	2	20	4	1	15	116	291
43	10.278	-23.95	21	25	4	1	15	324	473
44	-7.159	36.859	7	18	4	1	15	255	388
45	-90.204	61.169	3	4	4	1	15	123	214
46	46.368	65.082	5	10	4	1	15	281	422
47	13.348	31.372	12	17	4	1	15	247	426
48	-73.566	-28.839	9	7	4	1	15	173	285
49	-41.528	-37.097	11	4	4	1	15	341	481
50	-60.938	-27.246	17	3	4	1	15	322	436
51	38.312	54.376	10	12	4	1	15	413	534
52	26.306	11.975	5	13	4	1	15	275	374
53	10.297	-48.346	3	24	4	1	15	399	534
54	52.417	-28.363	1	16	4	1	15	64	192
55	-43.756	-39.343	3	2	4	1	15	182	301
56	49.316	11.395	5	7	4	1	15	456	602
57	45.593	4.346	25	15	4	1	15	111	206
58	-25.989	-15.814	14	12	4	1	15	389	513
59	65.253	-59.631	4	15	4	1	15	180	304
60	12.109	-34.387	14	17	4	1	15	154	296
61	12.39	-16.254	20	16	4	1	15	403	495
62	0.525	69.611	5	1	4	1	15	141	306
63	-8.679	7.77	22	9	4	1	15	141	234
64	41.467	-35.016	17	4	4	1	15	377	534
65	11.859	-34.973	19	3	4	1	15	179	270
66	-1.306	-58.063	9	1	4	1	15	333	434
67	6.024	-31.018	16	4	4	1	15	258	351
68	1.788	-32.544	19	6	4	1	15	426	569
69	29.272	-6.494	11	1	4	1	15	67	198
70	23.95	10.742	6	19	4	1	15	108	230
71	-65.887	40.912	23	1	4	1	15	181	299
72	-10.095	26.257	24	2	4	1	15	235	407
73	58.093	67.352	21	25	4	1	15	444	586
74	90.015	9.485	16	4	4	1	15	424	553
75	-6.622	15.216	15	4	4	1	15	269	441
76	-2.875	-42.841	23	13	2	2	5	10	351	468
77	-37.714	-7.306	22	18	2	2	5	10	453	562
78	44.171	-11.224	21	9	2	2	5	10	322	501
79	-58.704	-2.808	21	5	2	2	5	10	476	625
80	-3.912	10.071	21	12	2	2	5	10	390	518
81	-41.37	-1.495	7	22	2	2	5	10	125	254
82	58.179	27.563	15	9	2	2	5	10	90	192
83	-63.861	26.147	15	11	2	2	5	10	244	411
84	-56.793	-15.918	16	6	2	2	5	10	169	287
85	22.217	-27.509	13	19	2	2	5	10	132	238
86	-1.031	-14.838	22	10	2	2	5	10	371	472
87	-57.703	-10.48	1	1	2	2	5	10	221	377
88	80.847	6.299	22	10	2	2	5	10	159	285
89	2.887	10.822	24	20	2	2	5	10	440	588
90	-37.39	-7.8	6	18	2	2	5	10	174	344
91	-33.6	-26.74	5	1	2	2	5	10	365	530
92	95.197	24.231	14	11	2	2	5	10	414	549
93	-13.904	29.327	19	20	2	2	5	10	381	523
94	-53.461	9.296	16	12	2	2	5	10	79	206
95	67.578	13.007	20	17	2	2	5	10	304	417
96	-83.881	-53.265	12	16	2	2	5	10	76	226
97	30.255	-72.43	7	3	2	2	5	10	140	277
98	-22.333	-20.538	23	14	2	2	5	10	146	240
99	3.741	-35.461	9	12	2	2	5	10	274	433
100	-20.093	-43.982	19	9	2	2	5	10	400	569
101	-47.687	-21.1	17	1	2	2	5	10	301	465
102	-20.447	-13.849	1	7	2	2	5	10	76	222
103	34.515	3.967	25	7	2	2	5	10	108	274
104	20.514	-11.884	12	5	2	2	5	10	372	522
105	-46.039	-22.565	15	9	2	2	5	10	290	430
106	-39.63	25.385	16	15	2	2	5	10	368	503
107	-1.025	50.433	10	4	2	2	5	10	76	207
108	-28.632	23.486	24	10	2	2	5	10	471	608
109	-52.997	-16.248	24	21	2	2	5	10	335	459
110	-3.345	-22.955	18	2	2	2	5	10	281	416
111	-62.64	-26.349	21	6	2	2	5	10	185	358
112	25.403	0.531	21	1	2	2	5	10	285	401
113	-29.895	72.919	17	23	2	2	5	10	225	333
114	26.63	1.971	7	24	2	2	5	10	146	290
115	-9.814	35.004	14	16	2	2	5	10	76	204
116	-7.758	-42.426	8	18	2	2	5	10	62	185
117	28.918	-7.117	2	1	2	2	5	10	324	477
118	47.693	36.108	18	1	2	2	5	10	479	631
119	-53.168	5.206	10	21	2	2	5	10	317	460
120	17.56	13.214	17	8	2	2	5	10	325	486
121	6.836	-2.496	20	22	2	2	5	10	227	392
122	-17.322	97.26	9	23	2	2	5	10	411	501
123	22.406	26.532	25	11	2	2	5	10	95	258
124	-73.09	-13.251	6	15	2	2	5	10	377	483
125	-64.996	-4.578	16	14	2	2	5	10	85	180
126	-34.906	-43.903	11	16	2	2	5	10	474	615
127	-92.346	-4.517	9	25	2	2	5	10	90	224
128	0.647	-8.496	9	12	2	2	5	10	328	473
129	5.048	-37.323	18	9	2	2	5	10	421	564
130	-19.08	-14.178	10	20	2	2	5	10	91	227
131	-71.704	-11.45	11	22	2	2	5	10	470	579
132	-45.581	-28.717	14	13	2	2	5	10	342	461
133	-28.351	-23.914	15	24	2	2	5	10	409	535
134	-16.486	30.92	19	13	2	2	5	10	252	356
135	-83.423	-20.935	25	4	2	2	5	10	313	464
136	-12.054	-20.612	10	22	2	2	5	10	454	571
137	-7.184	-63.721	11	18	2	2	5	10	99	210
138	34.546	-8.881	11	25	2	2	5	10	478	573
139	-4.865	73.694	25	19	2	2	5	10	109	255
140	-36.005	-3.876	14	8	2	2	5	10	130	287
141	-28.4	-21.82	20	13	2	2	5	10	277	393
142	-56.281	-15.112	7	1	2	2	5	10	136	311
143	-11.017	42.151	1	1	2	2	5	10	236	372
144	-63.092	-62.573	15	5	2	2	5	10	84	209
145	29.486	79.944	2	2	2	2	5	10	388	482
146	-65.674	-0.238	7	22	2	2	5	10	335	465
147	46.13	-20.416	21	3	2	2	5	10	427	538
148	1.575	-16.364	19	2	1	4	1	2	4	8	471	629
149	40.277	-1.379	17	6	1	4	1	2	4	8	382	536
150	-15.271	42.249	23	19	1	4	1	2	4	8	101	264
151	33.215	-16.614	17	5	1	4	1	2	4	8	229	365
152	-72.388	13.074	20	25	1	4	1	2	4	8	78	187
153	-24.487	5.273	11	9	1	4	1	2	4	8	216	370
154	-6.598	-30.957	1	20	1	4	1	2	4	8	262	382
155	31.287	21.332	11	11	1	4	1	2	4	8	469	591
156	20.557	0.378	15	18	1	4	1	2	4	8	294	471
157	-67.2	-41.339	3	25	1	4	1	2	4	8	339	517
158	22.168	-40.375	21	22	1	4	1	2	4	8	359	528
159	31.165	2.222	5	25	1	4	1	2	4	8	254	367
160	74.634	30.219	11	14	1	4	1	2	4	8	413	581
161	60.699	81.116	6	21	1	4	1	2	4	8	244	348
162	-60.736	24.133	17	1	1	4	1	2	4	8	328	422
163	1.978	17.517	20	9	1	4	1	2	4	8	424	541
164	-80.566	-38.196	10	2	1	4	1	2	4	8	243	346
165	-49.927	-36.713	24	2	1	4	1	2	4	8	110	256
166	-60.449	-27.82	6	4	1	4	1	2	4	8	246	373
167	-78.748	-44.226	18	15	1	4	1	2	4	8	449	558
168	54.26	-9.259	15	11	1	4	1	2	4	8	341	431
169	-42.059	-26.636	6	15	1	4	1	2	4	8	87	218
170	-57.336	-16.718	10	15	1	4	1	2	4	8	230	362
171	-1.276	-13.33	7	16	1	4	1	2	4	8	101	209
172	-24.158	39.197	24	14	1	4	1	2	4	8	316	412
173	17.908	-40.442	3	25	1	4	1	2	4	8	157	268
174	59.833	-3.674	22	9	1	4	1	2	4	8	71	218
175	-3.51	6.256	1	23	1	4	1	2	4	8	441	593
176	40.167	8.594	4	16	1	4	1	2	4	8	223	380
177	-1.691	-54.376	12	10	1	4	1	2	4	8	149	302
178	-36.035	-17.065	14	4	1	4	1	2	4	8	292	465
179	7.275	-4.144	17	25	1	4	1	2	4	8	349	525
180	30.219	-6.83	20	20	1	4	1	2	4	8	439	568
181	-26.379	-63.055	19	5	1	4	1	2	4	8	340	462
182	28.772	-0.031	18	19	1	4	1	2	4	8	422	573
183	2.625	5.072	22	2	1	4	1	2	4	8	346	492
184	3.595	-21.6	14	13	1	4	1	2	4	8	431	574
185	-64.948	-10.956	14	19	1	4	1	2	4	8	102	270
186	18.671	-41.01	20	2	1	4	1	2	4	8	361	456
187	29.291	12.799	16	16	1	4	1	2	4	8	276	370
188	4.529	26.654	25	2	1	4	1	2	4	8	207	362
189	25.36	29.718	12	6	1	4	1	2	4	8	76	200
190	57.349	-15.405	1	3	1	4	1	2	4	8	233	360
191	-11.566	-19.012	11	20	1	4	1	2	4	8	85	222
192	-45.441	-71.808	18	13	1	4	1	2	4	8	242	352
193	2.197	-3.564	8	9	1	4	1	2	4	8	301	454
194	-1.855	-24.475	8	5	1	4	1	2	4	8	386	535
195	-59.851	-48.938	1	15	1	4	1	2	4	8	341	472
196	70.081	-17.816	23	22	1	4	1	2	4	8	301	397
197	-4.932	28.754	19	18	1	4	1	2	4	8	176	299
198	-46.625	-23.529	18	21	1	4	1	2	4	8	297	416
199	-49.872	-35.339	16	16	1	4	1	2	4	8	382	500
200	-67.499	8.142	7	22	1	4	1	2	4	8	100	228
201	31.195	-18.243	13	23	1	4	1	2	4	8	266	408
202	-42.139	-52.704	5	1	1	4	1	2	4	8	152	300
203	-15.094	18.933	3	1	1	4	1	2	4	8	416	552
204	-78.625	-24.341	22	13	1	4	1	2	4	8	124	223
205	51.471	-9.607	21	14	1	4	1	2	4	8	62	240
206	29.987	-31.061	18	18	1	4	1	2	4	8	62	189
207	46.741	1.453	14	5	1	4	1	2	4	8	403	510
208	-52.954	31.738	19	24	1	4	1	2	4	8	87	261
209	10.535	-61.432	18	11	1	4	1	2	4	8	96	220
210	-15.948	-56.012	12	5	1	4	1	2	4	8	281	443
211	-7.776	-54.73	21	1	1	4	1	2	4	8	364	525
212	11.047	-20.905	15	21	1	4	1	2	4	8	60	232
213	-24.359	-23.047	8	6	1	4	1	2	4	8	443	561
214	2.948	-20.398	5	6	1	4	1	2	4	8	314	405
215	-82.654	24.323	3	5	1	4	1	2	4	8	429	569
216	-12.134	42.065	2	23	1	4	1	2	4	8	86	208
217	-98.035	-36.359	5	16	1	4	1	2	4	8	208	335
218	-61.102	-13.477	3	18	1	4	1	2	4	8	290	450
219	-39.136	6.287	12	10	1	4	1	2	4	8	193	367
220	41.18	7.971	4	9	1	4	1	2	4	8	368	532
221	4.254	19.83	23	18	1	4	1	2	4	8	118	279
222	-34.143	-37.915	8	22	1	4	1	2	4	8	389	547
223	-4.559	23.566	7	24	1	4	1	2	4	8	340	504
224	37.891	-1.947	10	15	1	4	1	2	4	8	356	535
225	78.259	15.936	18	6	1	4	1	2	4	8	232	339
226	-8.661	-25.11	4	12	1	4	1	2	4	8	425	593
227	10.071	37.164	9	19	1	4	1	2	4	8	216	363
228	-42.621	-46.985	19	19	1	4	1	2	4	8	86	206
229	92.157	-94.183	5	17	1	4	1	2	4	8	326	421
230	32.202	-39.844	19	22	1	4	1	2	4	8	432	555
231	-55.231	-15.027	7	25	1	4	1	2	4	8	187	308
232	-26.746	-21.49	22	11	1	4	1	2	4	8	429	586
233	-75.513	-0.708	2	23	1	4	1	2	4	8	433	561
234	34.021	12.665	7	10	1	4	1	2	4	8	141	317
235	-2.643	-20.831	4	17	1	4	1	2	4	8	368	491
236	53.369	13.77	11	6	1	4	1	2	4	8	123	300
237	-14.948	-40.259	12	20	1	4	1	2	4	8	289	452
238	67.828	5.75	2	6	1	4	1	2	4	8	297	440
239	-13.22	-26.031	13	4	1	4	1	2	4	8	352	467
240	4.169	-32.617	22	25	1	4	1	2	4	8	112	290
241	-26.05	-33.313	6	7	1	4	1	2	4	8	185	347
242	31.964	-45.703	11	11	1	4	1	2	4	8	358	478
243	96.82	26.208	22	14	1	4	1	2	4	8	362	489
244	-44.696	-37.854	9	14	1	4	1	2	4	8	478	582
245	33.417	11.792	21	15	1	4	1	2	4	8	308	461
246	-35.187	19.226	8	2	1	4	1	2	4	8	122	212
247	-14.233	-74.988	4	14	1	4	1	2	4	8	446	573
248	37.158	-0.836	19	17	1	4	1	2	4	8	477	603
249	-51.697	-26.447	20	24	1	4	1	2	4	8	229	401
250	23.535	5.896	22	10	1	4	1	2	4	8	261	409
251	-18.433	53.711	10	20	1	4	1	2	4	8	270	413
252	-11.34	-17.621	20	11	1	4	1	2	4	8	399	498
253	-7.812	-35.895	10	16	1	4	1	2	4	8	238	349
254	3.522	26.941	23	3	1	4	1	2	4	8	67	245
255	-46.588	-22.266	5	11	1	4	1	2	4	8	305	406
256	-2.997	-0.549	25	10	1	4	1	2	4	8	244	419
257	32.147	17.151	7	18	1	4	1	2	4	8	310	409
258	32.019	13.007	16	20	1	4	1	2	4	8	396	547
259	-6.628	29.889	15	24	1	4	1	2	4	8	256	368
260	77.777	-25.397	9	16	1	4	1	2	4	8	217	367
261	30.707	65.704	19	2	1	4	1	2	4	8	71	213
262	-43.811	-43.036	11	14	1	4	1	2	4	8	471	605
263	49.561	16.827	19	10	1	4	1	2	4	8	147	254
264	-28.931	-0.439	10	22	1	4	1	2	4	8	137	284
265	40.363	16.382	20	14	1	4	1	2	4	8	179	301
266	22.748	40.674	17	15	1	4	1	2	4	8	305	421
267	-1.471	6.567	22	7	1	4	1	2	4	8	319	416
268	-1.19	16.864	24	20	1	4	1	2	4	8	249	362
269	8.032	41.821	5	1	1	4	1	2	4	8	87	222
270	-44.019	-22.784	5	24	1	4	1	2	4	8	332	422
271	12.366	-11.353	17	22	1	4	1	2	4	8	313	464
272	33.276	15.881	7	23	1	4	1	2	4	8	103	231
273	-34.79	-15.045	25	20	1	4	1	2	4	8	163	269
274	-96.857	-19.391	12	15	1	4	1	2	4	8	368	485
275	38.434	-5.353	11	14	1	4	1	2	4	8	443	534
276	-25.391	0.22	6	12	1	4	1	2	4	8	109	257
277	0.848	-31.86	13	4	1	4	1	2	4	8	178	287
278	-24.023	95.691	23	15	1	4	1	2	4	8	400	522
279	-4.272	35.468	15	12	1	4	1	2	4	8	159	324
280	-6.927	1.855	13	8	1	4	1	2	4	8	306	411
281	-70.953	-3.217	10	2	1	4	1	2	4	8	68	200
282	-32.648	-16.522	24	24	1	4	1	2	4	8	277	394
283	42.859	-21.68	13	5	1	4	1	2	4	8	343	438
284	5.182	6.403	12	8	1	4	1	2	4	8	131	305
285	36.92	-4.987	21	21	1	4	1	2	4	8	419	531
286	49.591	27.783	10	5	1	4	1	2	4	8	399	548
287	45.038	10.785	12	16	1	4	1	2	4	8	318	493
288	7.69	14.056	9	8	1	4	1	2	4	8	447	573
289	-60.907	18.64	5	24	1	4	1	2	4	8	176	300
290	-64.496	8.923	18	23	1	4	1	2	4	8	458	602
291	37.158	-14.99	24	6	1	4	1	2	4	8	457	570
