9	3	216	6	6
450	180
450	180
450	180
450	180
450	180
450	180
450	180
450	180
450	180
450	180
450	180
450	180
450	180
450	180
450	180
450	180
450	180
450	180
450	180
450	180
450	180
450	180
450	180
450	180
450	180
450	180
450	180
450	180
450	180
450	180
450	180
450	180
450	180
450	180
450	180
450	180
0	-15.067	-23.95	0	0	0	0	0	1000
1	38.791	22.443	0	0	0	0	0	1000
2	-41.833	-35.361	0	0	0	0	0	1000
3	-29.523	-4.843	0	0	0	0	0	1000
4	49.725	11.99	0	0	0	0	0	1000
5	21.133	14.142	0	0	0	0	0	1000
6	-41.235	-66.357	14	3	6	1	63	229	323
7	34.064	-59.357	16	16	6	1	63	133	223
8	20.917	-52.582	17	8	6	1	63	342	488
9	-38.538	-37.396	19	15	6	1	63	409	542
10	41.058	22.931	6	12	6	1	63	264	412
11	-54.034	-53.131	7	13	6	1	63	146	238
12	8.099	80.725	3	8	6	1	63	477	638
13	81.299	13.409	10	24	6	1	63	374	499
14	14.459	-2.972	4	14	6	1	63	267	413
15	-52.539	60.107	17	17	6	1	63	141	319
16	-57.202	-34.229	10	8	6	1	63	137	293
17	-65.552	-40.222	13	11	6	1	63	460	626
18	-19.751	-10.278	20	8	6	1	63	348	517
19	-26.965	-87.012	6	17	6	1	63	138	247
20	3.192	-88.654	18	19	6	1	63	254	431
21	34.521	32.837	3	13	6	1	63	199	322
22	80.035	5.273	10	2	6	1	63	351	521
23	-39.838	-67.731	4	8	6	1	63	261	400
24	14.6	11.365	15	21	6	1	63	369	484
25	-20.99	-80.511	4	13	6	1	63	243	387
26	48.242	47.284	6	17	6	1	63	370	538
27	59.338	-31.86	19	4	6	1	63	394	489
28	-13.995	-45.624	7	22	6	1	63	276	440
29	32.397	-32.532	20	24	6	1	63	427	561
30	2.826	50.824	12	11	6	1	63	168	319
31	-66.077	-34.686	8	6	6	1	63	425	571
32	-13.66	18.64	18	19	6	1	63	148	241
33	-59.344	12.769	1	11	6	1	63	84	198
34	-5.133	-18.463	25	23	6	1	63	424	589
35	-22.961	-21.729	16	4	6	1	63	224	349
36	58.13	46.606	5	5	6	1	63	397	526
37	-49.603	-76.624	7	16	6	1	63	206	333
38	-4.803	43.036	20	2	6	1	63	366	466
39	68.616	-19.623	3	13	6	1	63	203	305
40	37.915	63.599	11	11	6	1	63	428	546
41	1.251	-26.55	15	9	6	1	63	301	421
42	-37.952	1.685	15	18	6	1	63	175	288
43	-40.503	8.038	8	7	6	1	63	341	470
44	-8.392	-38.678	13	24	6	1	63	80	196
45	-36.725	25.494	16	5	6	1	63	439	542
46	-47.754	-50.073	4	2	6	1	63	191	323
47	22.595	-28.357	9	5	6	1	63	226	389
48	-36.365	-48.163	5	5	6	1	63	377	538
49	75.452	-13.422	20	3	6	1	63	109	206
50	-64.52	-13.232	10	13	6	1	63	275	430
51	1.257	29.156	9	2	6	1	63	74	224
52	-1.569	-35.974	18	10	6	1	63	237	349
53	46.747	6.696	13	12	6	1	63	160	336
54	82.08	27.057	17	24	6	1	63	165	262
55	74.695	19.366	22	21	6	1	63	241	342
56	47.015	9.338	5	18	6	1	63	60	187
57	-62.036	-21.326	12	5	6	1	63	292	423
58	9.192	20.038	4	15	6	1	63	419	579
59	-3.094	21.582	5	11	6	1	63	466	623
60	-75.446	13.086	22	7	3	2	21	42	439	559
61	10.034	-63.739	7	3	3	2	21	42	474	586
62	71.814	26.501	12	17	3	2	21	42	143	253
63	18.842	-38.019	10	14	3	2	21	42	110	211
64	-10.541	-31.305	18	14	3	2	21	42	175	291
65	8.252	-91.15	17	7	3	2	21	42	424	515
66	72.821	-38.916	3	12	3	2	21	42	347	514
67	-30.157	38.776	1	5	3	2	21	42	235	357
68	-56.256	-5.548	9	11	3	2	21	42	343	492
69	-8.398	-37.604	12	17	3	2	21	42	91	216
70	15.021	13.708	4	3	3	2	21	42	310	483
71	-60.199	24.292	2	7	3	2	21	42	384	505
72	-13.794	-27.106	18	13	3	2	21	42	108	245
73	-34.796	-22.205	23	20	3	2	21	42	284	438
74	69.641	83.057	14	13	3	2	21	42	414	512
75	-44.44	30.09	6	4	3	2	21	42	130	227
76	48.633	3.021	1	3	3	2	21	42	261	376
77	-15.314	51.709	6	24	3	2	21	42	108	257
78	36.261	26.782	6	23	3	2	21	42	80	252
79	59.961	24.31	8	21	3	2	21	42	367	516
80	55.304	6.628	25	23	3	2	21	42	193	291
81	39.96	48.297	3	10	3	2	21	42	433	596
82	-48.895	-71.1	3	21	3	2	21	42	75	187
83	-2.338	-62.909	16	24	3	2	21	42	144	259
84	9.491	-41.901	5	9	3	2	21	42	64	164
85	-54.675	-18.439	6	22	3	2	21	42	382	476
86	10.98	-7.605	6	3	3	2	21	42	350	481
87	-69.824	-50.354	16	6	3	2	21	42	366	467
88	-40.308	-7.452	6	11	3	2	21	42	191	349
89	62.244	43.628	13	10	3	2	21	42	275	435
90	29.077	63.116	4	15	3	2	21	42	138	278
91	-12.067	-21.509	12	9	3	2	21	42	100	278
92	14.728	28.906	15	20	3	2	21	42	174	329
93	-63.086	-60.114	10	19	3	2	21	42	112	218
94	33.655	-0.928	19	19	3	2	21	42	304	414
95	-12.225	14.148	19	19	3	2	21	42	174	347
96	-89.966	51.514	1	20	3	2	21	42	282	454
97	-0.763	41.339	22	1	3	2	21	42	313	416
98	80.695	32.983	20	15	3	2	21	42	404	551
99	-53.394	-14.24	5	18	3	2	21	42	219	374
100	-53.284	-64.136	12	2	3	2	21	42	467	582
101	73.26	10.669	4	25	3	2	21	42	93	202
102	59.613	13.452	12	20	3	2	21	42	85	195
103	-37.012	6.476	8	18	3	2	21	42	63	171
104	-53.656	21.692	10	8	3	2	21	42	389	522
105	-36.89	18.372	2	3	3	2	21	42	202	324
106	-4.608	-13.806	25	2	3	2	21	42	241	358
107	53.802	36.993	14	15	3	2	21	42	446	577
108	48.468	-66.04	20	21	3	2	21	42	426	554
109	-46.393	-20.929	11	6	3	2	21	42	354	500
110	-15.045	-40.845	4	24	3	2	21	42	112	254
111	-73.621	-9.552	6	19	3	2	21	42	108	283
112	92.847	45.587	8	23	3	2	21	42	330	486
113	33.557	28.064	5	16	3	2	21	42	175	326
114	47.321	24.414	3	16	2	3	9	18	36	427	561
115	-6.61	-30.157	4	9	2	3	9	18	36	182	310
116	12.103	23.84	24	1	2	3	9	18	36	139	235
117	-61.963	26.239	4	10	2	3	9	18	36	316	422
118	23.877	9.808	11	14	2	3	9	18	36	403	537
119	49.78	6.866	23	11	2	3	9	18	36	338	504
120	-53.021	-21.484	1	4	2	3	9	18	36	401	514
121	54.962	2.985	15	23	2	3	9	18	36	353	449
122	4.865	-69.586	12	23	2	3	9	18	36	362	464
123	33.948	45.209	10	22	2	3	9	18	36	125	215
124	-32.166	-23.621	24	11	2	3	9	18	36	462	587
125	-17.548	-46.765	5	14	2	3	9	18	36	212	369
126	31.744	33.972	23	12	2	3	9	18	36	306	404
127	45.374	22.131	15	13	2	3	9	18	36	475	582
128	-5.219	-23.114	6	11	2	3	9	18	36	268	425
129	-51.056	-46.545	20	9	2	3	9	18	36	67	161
130	11.774	11.133	13	6	2	3	9	18	36	328	418
131	-39.758	-13.019	3	25	2	3	9	18	36	322	466
132	27.93	29.321	3	21	2	3	9	18	36	227	370
133	33.74	66.595	25	13	2	3	9	18	36	399	506
134	-91.815	29.858	15	23	2	3	9	18	36	342	455
135	-24.628	-68.701	6	8	2	3	9	18	36	95	251
136	44.659	20.465	4	7	2	3	9	18	36	387	557
137	45.447	-21.069	14	8	2	3	9	18	36	112	251
138	-37.366	-12.097	15	9	2	3	9	18	36	388	532
139	41.998	0.153	17	2	2	3	9	18	36	335	475
140	-42.822	-30.17	12	24	2	3	9	18	36	188	354
141	34.906	-4.578	2	7	2	3	9	18	36	261	374
142	-65.137	-43.079	11	23	2	3	9	18	36	258	401
143	20.27	-4.999	5	21	2	3	9	18	36	462	606
144	-36.731	-8.929	20	12	2	3	9	18	36	62	181
145	-26.984	-19.568	16	23	2	3	9	18	36	388	553
146	-31.299	-83.813	13	18	2	3	9	18	36	119	213
147	-26.794	12.506	9	5	2	3	9	18	36	230	405
148	-39.362	-58.521	23	15	2	3	9	18	36	235	340
149	-34.369	0.61	11	11	2	3	9	18	36	463	594
150	43.372	4.187	14	8	2	3	9	18	36	449	558
151	-38.226	-9.448	3	2	2	3	9	18	36	66	163
152	-25.61	-99.237	9	6	2	3	9	18	36	123	249
153	48.059	29.517	21	23	2	3	9	18	36	476	597
154	-43.628	-32.318	24	9	2	3	9	18	36	456	631
155	-16.602	-29.327	4	1	2	3	9	18	36	320	458
156	-29.81	-12.408	18	12	2	3	9	18	36	391	503
157	-51.91	-28.711	10	17	2	3	9	18	36	171	340
158	-1.801	-18.671	3	2	2	3	9	18	36	432	582
159	18.738	21.399	4	5	2	3	9	18	36	242	384
160	60.12	7.788	25	1	2	3	9	18	36	141	241
161	43.079	42.017	3	20	2	3	9	18	36	214	358
162	-39.435	-5.902	22	19	2	3	9	18	36	63	175
163	-35.889	-16.034	19	13	2	3	9	18	36	62	206
164	-41.827	38.995	20	10	2	3	9	18	36	130	252
165	84.497	29.822	7	9	2	3	9	18	36	145	249
166	-17.56	-10.48	19	14	2	3	9	18	36	263	423
167	-48.383	-48.92	19	4	2	3	9	18	36	285	419
168	-49.335	-17.969	22	20	1	6	1	2	4	8	16	32	268	447
169	16.095	-2.49	4	17	1	6	1	2	4	8	16	32	277	370
170	65.527	14.026	25	19	1	6	1	2	4	8	16	32	114	218
171	-2.93	13.22	23	19	1	6	1	2	4	8	16	32	310	476
172	-18.768	-23.663	24	16	1	6	1	2	4	8	16	32	215	326
173	-91.095	-80.737	25	4	1	6	1	2	4	8	16	32	384	497
174	-21.088	-13.293	4	1	1	6	1	2	4	8	16	32	278	420
175	46.985	17.224	3	21	1	6	1	2	4	8	16	32	132	224
176	-61.957	-33.038	7	9	1	6	1	2	4	8	16	32	132	307
177	-9.003	-25.452	10	2	1	6	1	2	4	8	16	32	234	404
178	33.661	-7.666	10	24	1	6	1	2	4	8	16	32	251	426
179	-25.592	-10.84	23	1	1	6	1	2	4	8	16	32	118	226
180	36.56	-2.441	18	21	1	6	1	2	4	8	16	32	335	509
181	7.141	24.817	8	13	1	6	1	2	4	8	16	32	275	404
182	-43.17	-30.487	16	15	1	6	1	2	4	8	16	32	408	507
183	-21.228	0.751	4	4	1	6	1	2	4	8	16	32	92	192
184	19.696	10.767	14	10	1	6	1	2	4	8	16	32	258	360
185	-6.494	-29.425	23	19	1	6	1	2	4	8	16	32	383	484
186	54.388	8.63	17	1	1	6	1	2	4	8	16	32	418	591
187	64.203	77.612	7	25	1	6	1	2	4	8	16	32	256	420
188	40.381	1.611	8	3	1	6	1	2	4	8	16	32	103	256
189	-41.711	-5.133	14	21	1	6	1	2	4	8	16	32	438	532
190	74.274	-19.922	22	7	1	6	1	2	4	8	16	32	337	457
191	-73.999	-54.626	7	18	1	6	1	2	4	8	16	32	172	287
192	29.706	15.454	16	3	1	6	1	2	4	8	16	32	122	291
193	23.785	12.177	24	1	1	6	1	2	4	8	16	32	231	340
194	42.578	45.325	15	2	1	6	1	2	4	8	16	32	183	291
195	-16.73	-16.559	15	8	1	6	1	2	4	8	16	32	424	589
196	-14.697	-0.116	5	10	1	6	1	2	4	8	16	32	474	642
197	-19.769	8.392	9	19	1	6	1	2	4	8	16	32	358	486
198	-30.267	14.893	24	17	1	6	1	2	4	8	16	32	80	173
199	-63.116	-67.462	6	19	1	6	1	2	4	8	16	32	230	367
200	86.029	38.916	3	24	1	6	1	2	4	8	16	32	409	543
201	79.48	-24.866	24	24	1	6	1	2	4	8	16	32	333	431
202	35.144	14.734	22	6	1	6	1	2	4	8	16	32	152	301
203	-49.365	-9.052	2	2	1	6	1	2	4	8	16	32	256	373
204	-49.475	-17.578	21	7	1	6	1	2	4	8	16	32	120	276
205	57.501	16.327	17	10	1	6	1	2	4	8	16	32	225	389
206	54.889	12.024	13	13	1	6	1	2	4	8	16	32	140	289
207	-53.027	-33.179	21	20	1	6	1	2	4	8	16	32	130	235
208	-0.415	16.644	3	1	1	6	1	2	4	8	16	32	235	342
209	21.594	16.144	9	17	1	6	1	2	4	8	16	32	345	436
210	-46.924	-49.261	14	17	1	6	1	2	4	8	16	32	449	608
211	18.457	19.733	9	16	1	6	1	2	4	8	16	32	309	404
212	35.822	19.763	3	9	1	6	1	2	4	8	16	32	211	336
213	71.869	29.034	22	25	1	6	1	2	4	8	16	32	252	361
214	-56.378	-42.755	13	1	1	6	1	2	4	8	16	32	405	510
215	-25.8	25.159	10	23	1	6	1	2	4	8	16	32	326	484
216	-5.676	33.85	7	10	1	6	1	2	4	8	16	32	238	413
217	54.041	-5.292	3	15	1	6	1	2	4	8	16	32	444	570
218	-63.074	27.38	11	25	1	6	1	2	4	8	16	32	452	587
219	-16.864	-49.768	17	25	1	6	1	2	4	8	16	32	131	273
220	47.919	13.629	15	16	1	6	1	2	4	8	16	32	368	516
221	-10.724	-2.075	4	1	1	6	1	2	4	8	16	32	412	518
