9	4	288	6	6
425	170
425	170
425	170
425	170
425	170
425	170
425	170
425	170
425	170
425	170
425	170
425	170
425	170
425	170
425	170
425	170
425	170
425	170
425	170
425	170
425	170
425	170
425	170
425	170
425	170
425	170
425	170
425	170
425	170
425	170
425	170
425	170
425	170
425	170
425	170
425	170
0	-40.198	-12.781	0	0	0	0	0	1000
1	-40.488	-35.864	0	0	0	0	0	1000
2	-1.193	2.515	0	0	0	0	0	1000
3	18.329	-35.468	0	0	0	0	0	1000
4	23.746	-0.522	0	0	0	0	0	1000
5	-46.396	-39.923	0	0	0	0	0	1000
6	12.805	1.886	15	10	6	1	63	241	338
7	18.213	1.373	7	21	6	1	63	136	290
8	57.947	-48.779	10	8	6	1	63	208	382
9	-52.429	-84.088	20	23	6	1	63	167	322
10	60.797	-32.593	11	10	6	1	63	369	493
11	23.151	4.205	7	9	6	1	63	322	426
12	25.385	22.986	14	21	6	1	63	145	319
13	25.513	-52.985	15	16	6	1	63	240	410
14	-49.261	-41.718	8	21	6	1	63	81	199
15	-37.561	-41.73	5	3	6	1	63	395	527
16	-14.52	48.962	17	24	6	1	63	303	442
17	41.229	-24.5	1	2	6	1	63	394	488
18	-21.863	0.916	3	4	6	1	63	237	332
19	-48.181	-16.284	8	18	6	1	63	201	344
20	-7.776	44.348	14	5	6	1	63	142	249
21	20.801	10.76	3	13	6	1	63	128	266
22	-29.712	-46.326	6	13	6	1	63	204	298
23	-20.203	-59.564	23	14	6	1	63	272	415
24	-87.079	-52.899	14	10	6	1	63	263	370
25	3.046	-6.305	1	3	6	1	63	258	434
26	11.865	5.261	2	1	6	1	63	118	224
27	-24.072	-55.927	17	11	6	1	63	400	548
28	-22.803	5.658	15	16	6	1	63	127	247
29	-51.904	9.412	18	6	6	1	63	101	199
30	12.732	-40.967	15	18	6	1	63	362	524
31	-30.988	7.654	7	11	6	1	63	469	639
32	37.512	0.458	4	15	6	1	63	137	255
33	2.954	-8.563	24	17	6	1	63	274	427
34	0.549	3.644	18	17	6	1	63	368	514
35	-52.484	9.711	2	1	6	1	63	182	291
36	33.936	-48.718	4	1	6	1	63	93	193
37	-13.129	-53.601	11	18	6	1	63	195	308
38	-99.591	23.303	25	3	6	1	63	90	226
39	6.439	-3.516	15	21	6	1	63	209	376
40	-14.032	-19.818	18	22	6	1	63	324	433
41	-24.677	16.608	9	14	6	1	63	355	484
42	-10.26	-81.769	23	4	6	1	63	373	475
43	35.858	5.597	22	17	6	1	63	132	301
44	-11.603	42.908	9	16	6	1	63	464	612
45	-34.662	-15.466	20	8	6	1	63	134	280
46	66.852	1.135	13	14	6	1	63	128	259
47	6.866	-1.416	3	23	6	1	63	329	473
48	1.66	-2.234	6	1	6	1	63	473	563
49	37.561	11.45	18	21	6	1	63	390	495
50	51.672	-26.343	9	10	6	1	63	376	484
51	19.025	-10.889	24	19	6	1	63	226	386
52	-37.982	-6.36	19	6	6	1	63	151	262
53	-56.537	-42.334	11	4	6	1	63	328	470
54	1.099	-14.624	14	18	6	1	63	476	572
55	-56.238	-3.076	15	23	6	1	63	83	240
56	-23.669	-15.289	5	25	6	1	63	477	604
57	-34.277	-1.41	18	17	6	1	63	403	547
58	-64.178	63.812	22	11	6	1	63	383	557
59	-47.083	-20.386	13	20	6	1	63	400	529
60	-33.71	8.38	11	9	6	1	63	69	185
61	34.29	26.031	11	23	6	1	63	347	447
62	-38.861	42.114	1	14	6	1	63	133	300
63	-92.731	44.885	25	7	6	1	63	236	346
64	23.633	27.643	19	15	6	1	63	209	366
65	-67.139	-67.078	13	22	6	1	63	287	377
66	25.726	-25.836	7	4	6	1	63	316	492
67	-40.985	-16.895	2	14	6	1	63	291	444
68	77.008	-6.097	16	24	6	1	63	353	459
69	-54.81	-1.935	2	13	6	1	63	344	502
70	-53.943	-29.663	1	9	6	1	63	194	307
71	16.089	-27.887	19	3	6	1	63	281	393
72	-59.436	36.487	24	23	6	1	63	108	259
73	34.473	25.391	19	2	6	1	63	386	485
74	-9.283	-6.689	24	23	6	1	63	172	285
75	-85.559	-20.477	10	8	6	1	63	236	378
76	29.523	18.347	19	23	6	1	63	99	201
77	27.814	6.512	1	13	6	1	63	367	493
78	42.151	-25.58	19	25	3	2	21	42	228	365
79	82.202	85.828	25	25	3	2	21	42	281	380
80	-47.766	-35.59	24	20	3	2	21	42	65	172
81	22.015	-20.349	11	9	3	2	21	42	389	565
82	-55.756	-33.49	7	15	3	2	21	42	180	275
83	62.006	-1.453	25	4	3	2	21	42	163	265
84	25.549	-3.796	3	1	3	2	21	42	458	555
85	-43.372	-7.379	3	7	3	2	21	42	100	210
86	60.297	52.637	18	12	3	2	21	42	112	255
87	-96.155	34.1	18	5	3	2	21	42	181	276
88	-32.806	-3.845	9	8	3	2	21	42	430	554
89	-47.827	-45.203	21	1	3	2	21	42	330	494
90	-31.128	-93.848	21	24	3	2	21	42	117	272
91	-17.01	-21.857	21	23	3	2	21	42	179	298
92	-8.386	-2.264	11	12	3	2	21	42	175	314
93	35.834	13.147	2	2	3	2	21	42	280	418
94	29.315	54.468	4	22	3	2	21	42	195	371
95	48.352	-8.783	3	3	3	2	21	42	386	500
96	-2.93	27.039	8	12	3	2	21	42	65	192
97	-16.62	-55.389	20	16	3	2	21	42	321	414
98	-40.851	-47.742	23	8	3	2	21	42	311	455
99	-12.878	-2.039	15	25	3	2	21	42	298	471
100	-51.776	7.281	3	6	3	2	21	42	368	504
101	-32.922	23.828	14	24	3	2	21	42	333	482
102	13.983	-34.521	8	16	3	2	21	42	190	330
103	-35.834	-23.834	4	7	3	2	21	42	245	388
104	91.858	5.542	19	9	3	2	21	42	282	402
105	-28.442	-34.18	6	23	3	2	21	42	297	465
106	33.844	27.875	1	24	3	2	21	42	110	284
107	98.431	31.348	2	19	3	2	21	42	182	305
108	-57.751	-27.753	3	9	3	2	21	42	63	183
109	-43.89	13.007	24	10	3	2	21	42	212	373
110	37.585	49.768	6	23	3	2	21	42	173	320
111	-3.687	7.373	14	2	3	2	21	42	301	437
112	-98.242	61.658	22	5	3	2	21	42	379	557
113	-23.56	-32.52	14	25	3	2	21	42	165	294
114	22.98	-18.109	7	17	3	2	21	42	149	302
115	43.915	-2.985	13	23	3	2	21	42	140	289
116	71.509	11.652	19	23	3	2	21	42	132	270
117	-43.011	-38.702	6	13	3	2	21	42	137	311
118	-83.954	2.179	4	2	3	2	21	42	323	469
119	11.09	-40.942	17	24	3	2	21	42	351	529
120	27.173	-13.33	17	22	3	2	21	42	323	487
121	-86.102	-59.808	13	20	3	2	21	42	390	530
122	-22.345	-78.278	21	15	3	2	21	42	398	531
123	-38.727	-33.588	8	12	3	2	21	42	443	548
124	-1.227	-28.668	7	17	3	2	21	42	93	253
125	81.329	-44.244	15	21	3	2	21	42	329	480
126	51.904	19.891	5	10	3	2	21	42	235	414
127	-34.973	-27.856	6	4	3	2	21	42	445	563
128	-51.483	-23.248	17	21	3	2	21	42	61	233
129	-0.647	-46.057	4	3	3	2	21	42	464	607
130	68.219	-66.986	25	17	3	2	21	42	327	452
131	-15.149	-25.482	11	19	3	2	21	42	223	369
132	22.412	-34.375	17	10	3	2	21	42	362	512
133	36.176	-10.431	17	21	3	2	21	42	328	433
134	-23.639	-47.681	2	21	3	2	21	42	341	448
135	-14.722	32.684	7	6	3	2	21	42	202	298
136	16.821	-12.72	16	8	3	2	21	42	101	248
137	93.378	23.004	2	8	3	2	21	42	331	457
138	40.344	-24.176	12	13	3	2	21	42	321	491
139	5.53	-4.901	7	7	3	2	21	42	151	320
140	-78.015	1.27	19	11	3	2	21	42	319	467
141	51.569	-45.673	16	18	3	2	21	42	414	585
142	49.249	-30.896	17	10	3	2	21	42	386	516
143	-62.195	-21.399	8	25	3	2	21	42	227	398
144	-5.048	7.306	24	7	3	2	21	42	408	562
145	1.727	-70.221	10	17	3	2	21	42	120	223
146	1.361	-3.564	20	20	3	2	21	42	155	308
147	-15.521	16.425	8	18	3	2	21	42	72	238
148	-31.604	-60.938	6	21	3	2	21	42	135	305
149	-46.997	-55.56	5	14	3	2	21	42	80	231
150	2.301	5.536	23	2	2	3	9	18	36	428	579
151	-30.328	-0.58	14	18	2	3	9	18	36	170	299
152	-16.821	17.664	23	10	2	3	9	18	36	145	324
153	52.655	29.034	13	5	2	3	9	18	36	303	409
154	-11.993	-83.771	12	15	2	3	9	18	36	414	564
155	41.632	43.048	13	17	2	3	9	18	36	425	548
156	8.508	-2.539	20	12	2	3	9	18	36	100	204
157	31.512	-8.978	14	14	2	3	9	18	36	292	418
158	-3.339	-36.243	6	3	2	3	9	18	36	150	272
159	-26.379	13.776	4	7	2	3	9	18	36	145	252
160	28.43	10.571	13	21	2	3	9	18	36	344	465
161	5.975	27.289	1	7	2	3	9	18	36	173	349
162	-32.135	-45.068	9	5	2	3	9	18	36	133	280
163	31.097	-7.916	5	24	2	3	9	18	36	299	394
164	28.198	-29.755	7	13	2	3	9	18	36	352	502
165	-39.612	-33.594	4	18	2	3	9	18	36	287	378
166	-19.22	-5.133	12	19	2	3	9	18	36	282	410
167	-10.114	69.977	20	22	2	3	9	18	36	461	584
168	22.894	-44.348	20	13	2	3	9	18	36	289	431
169	-34.741	0.58	14	10	2	3	9	18	36	105	272
170	-44.952	-77.734	11	4	2	3	9	18	36	308	426
171	-23.749	-56.012	1	17	2	3	9	18	36	112	222
172	69.073	-97.125	5	2	2	3	9	18	36	200	290
173	12.17	-59.869	1	18	2	3	9	18	36	247	366
174	47.339	17.365	14	2	2	3	9	18	36	240	338
175	-4.706	14.056	19	18	2	3	9	18	36	106	270
176	-52.374	-50.244	16	13	2	3	9	18	36	194	307
177	39.215	-29.773	21	24	2	3	9	18	36	446	545
178	-42.316	-60.602	9	25	2	3	9	18	36	279	382
179	19.135	41.15	1	2	2	3	9	18	36	87	241
180	-54.706	-17.596	18	2	2	3	9	18	36	378	552
181	11.737	-83.173	7	7	2	3	9	18	36	201	374
182	-40.582	-53.247	15	23	2	3	9	18	36	377	536
183	-6.421	21.967	21	21	2	3	9	18	36	264	432
184	-31.268	-34.613	4	18	2	3	9	18	36	94	237
185	-3.668	-26.868	21	21	2	3	9	18	36	419	564
186	13.409	-22.302	10	23	2	3	9	18	36	405	517
187	-95.892	-86.322	16	16	2	3	9	18	36	410	569
188	88.983	-53.387	21	22	2	3	9	18	36	265	386
189	-55.048	-32.538	7	11	2	3	9	18	36	180	273
190	27.85	-10.028	8	22	2	3	9	18	36	467	641
191	40.918	-36.09	6	10	2	3	9	18	36	269	375
192	-58.35	15.814	23	15	2	3	9	18	36	430	550
193	-52.161	-74.725	18	23	2	3	9	18	36	377	547
194	-66.772	-34.943	6	7	2	3	9	18	36	123	229
195	-33.374	-62.024	6	1	2	3	9	18	36	128	305
196	-8.649	31.708	14	21	2	3	9	18	36	142	239
197	-26.166	-56.152	14	11	2	3	9	18	36	375	501
198	-39.874	-53.375	22	2	2	3	9	18	36	280	371
199	71.643	-36.981	22	24	2	3	9	18	36	283	433
200	-96.924	8.411	25	25	2	3	9	18	36	102	251
201	-2.911	36.2	13	17	2	3	9	18	36	284	452
202	-53.253	14.099	21	10	2	3	9	18	36	204	374
203	67.316	-39.734	14	18	2	3	9	18	36	245	338
204	-6.525	11.975	18	2	2	3	9	18	36	88	252
205	16.425	33.221	18	12	2	3	9	18	36	454	556
206	-19.061	-56.921	11	4	2	3	9	18	36	156	264
207	25.189	-21.045	10	1	2	3	9	18	36	198	319
208	37.854	-5.524	15	1	2	3	9	18	36	408	585
209	-16.479	48.657	3	6	2	3	9	18	36	287	452
210	2.344	-16.516	2	22	2	3	9	18	36	392	537
211	-48.621	-12.39	12	25	2	3	9	18	36	103	259
212	-42.621	-50.006	18	21	2	3	9	18	36	140	317
213	16.016	11.169	1	18	2	3	9	18	36	141	288
214	-80.408	-60.583	3	14	2	3	9	18	36	331	458
215	-95.068	44.293	4	21	2	3	9	18	36	209	318
216	-6.885	24.884	12	4	2	3	9	18	36	161	330
217	-4.803	21.674	15	1	2	3	9	18	36	459	572
218	7.037	-45.337	22	18	2	3	9	18	36	399	547
219	31.293	-39.905	20	4	2	3	9	18	36	473	631
220	14.984	26.172	16	4	2	3	9	18	36	446	583
221	33.203	-52.289	11	5	2	3	9	18	36	211	339
222	-59.277	39.667	20	15	1	6	1	2	4	8	16	32	246	347
223	30.054	-36.823	13	5	1	6	1	2	4	8	16	32	131	232
224	9.351	-39.044	9	22	1	6	1	2	4	8	16	32	467	646
225	-10.651	54.431	16	21	1	6	1	2	4	8	16	32	113	264
226	20.856	-26.465	7	17	1	6	1	2	4	8	16	32	65	184
227	19.617	17.865	21	8	1	6	1	2	4	8	16	32	362	506
228	-36.981	-92.95	18	4	1	6	1	2	4	8	16	32	169	343
229	-3.76	59.875	4	4	1	6	1	2	4	8	16	32	130	224
230	11.682	-63.336	15	16	1	6	1	2	4	8	16	32	387	497
231	4.468	-36.133	5	5	1	6	1	2	4	8	16	32	401	551
232	47.04	-41.254	24	15	1	6	1	2	4	8	16	32	263	428
233	29.938	-58.71	21	25	1	6	1	2	4	8	16	32	63	208
234	-70.569	-7.037	7	15	1	6	1	2	4	8	16	32	355	522
235	56.262	1.819	24	7	1	6	1	2	4	8	16	32	100	228
236	46.21	-53.522	22	19	1	6	1	2	4	8	16	32	159	251
237	6.366	-14.264	1	11	1	6	1	2	4	8	16	32	310	484
238	-34.54	-39.502	6	13	1	6	1	2	4	8	16	32	348	521
239	-50.537	28.357	4	24	1	6	1	2	4	8	16	32	131	224
240	-61.444	-10.901	14	4	1	6	1	2	4	8	16	32	252	405
241	-30.823	17.902	18	13	1	6	1	2	4	8	16	32	255	379
242	49.658	24.469	16	6	1	6	1	2	4	8	16	32	156	261
243	-69.775	-41.406	1	4	1	6	1	2	4	8	16	32	246	419
244	-18.939	57.69	24	12	1	6	1	2	4	8	16	32	172	333
245	-22.449	15.771	19	4	1	6	1	2	4	8	16	32	172	287
246	-7.599	37.03	19	4	1	6	1	2	4	8	16	32	239	385
247	27.435	17.554	11	25	1	6	1	2	4	8	16	32	209	380
248	45.526	-5.127	9	25	1	6	1	2	4	8	16	32	124	265
249	-33.551	-25.586	3	14	1	6	1	2	4	8	16	32	353	444
250	-4.645	53.754	1	25	1	6	1	2	4	8	16	32	214	379
251	-41.119	-13.361	10	13	1	6	1	2	4	8	16	32	60	169
252	23.01	-45.703	19	13	1	6	1	2	4	8	16	32	291	412
253	17.23	5.096	14	11	1	6	1	2	4	8	16	32	393	565
254	-6.818	-19.873	14	24	1	6	1	2	4	8	16	32	431	592
255	52.966	51.41	24	5	1	6	1	2	4	8	16	32	94	212
256	-28.662	-50.94	16	12	1	6	1	2	4	8	16	32	391	562
257	69.684	-51.52	6	4	1	6	1	2	4	8	16	32	309	409
258	36.884	-17.371	9	5	1	6	1	2	4	8	16	32	354	527
259	-19.659	42.035	20	24	1	6	1	2	4	8	16	32	183	337
260	72.125	65.405	21	17	1	6	1	2	4	8	16	32	237	398
261	-71.368	59.863	8	4	1	6	1	2	4	8	16	32	137	243
262	18.317	-37.75	11	1	1	6	1	2	4	8	16	32	451	614
263	18.121	0.482	13	19	1	6	1	2	4	8	16	32	74	212
264	-1.105	-30.676	24	7	1	6	1	2	4	8	16	32	446	589
265	-44.574	-44.055	15	24	1	6	1	2	4	8	16	32	107	263
266	-28.058	-59.436	6	10	1	6	1	2	4	8	16	32	472	641
267	-7.953	4.639	24	13	1	6	1	2	4	8	16	32	276	368
268	-37.366	-28.528	3	24	1	6	1	2	4	8	16	32	373	465
269	4.388	-38.489	16	3	1	6	1	2	4	8	16	32	139	303
270	-44.592	-35.333	24	14	1	6	1	2	4	8	16	32	397	567
271	-56.714	-39.252	19	2	1	6	1	2	4	8	16	32	163	337
272	13.452	-32.159	5	24	1	6	1	2	4	8	16	32	398	562
273	-20.343	-11.182	11	11	1	6	1	2	4	8	16	32	333	447
274	3.436	-52.734	19	5	1	6	1	2	4	8	16	32	281	406
275	40.576	-54.492	22	14	1	6	1	2	4	8	16	32	433	592
276	31.952	-25.421	23	21	1	6	1	2	4	8	16	32	176	327
277	-57.434	38.525	12	14	1	6	1	2	4	8	16	32	354	519
278	47.51	-42.035	23	15	1	6	1	2	4	8	16	32	262	435
279	-28.143	-41.614	25	3	1	6	1	2	4	8	16	32	263	432
280	-2.258	-5.078	3	15	1	6	1	2	4	8	16	32	394	565
281	-27.167	-27.936	25	15	1	6	1	2	4	8	16	32	241	357
282	-24.048	-47.192	1	21	1	6	1	2	4	8	16	32	300	413
283	-77.521	-55.084	16	17	1	6	1	2	4	8	16	32	83	217
284	-62.036	-43.439	21	18	1	6	1	2	4	8	16	32	78	168
285	-71.936	-20.16	11	15	1	6	1	2	4	8	16	32	107	228
286	-66.504	-39.789	6	19	1	6	1	2	4	8	16	32	82	203
287	14.587	48.444	14	9	1	6	1	2	4	8	16	32	312	453
288	31.366	-29.462	23	10	1	6	1	2	4	8	16	32	350	457
289	6.512	-46.124	9	13	1	6	1	2	4	8	16	32	423	554
290	9.65	39.508	8	25	1	6	1	2	4	8	16	32	336	452
291	16.04	16.681	19	1	1	6	1	2	4	8	16	32	244	383
292	7.745	-75.378	17	11	1	6	1	2	4	8	16	32	363	514
293	-27.173	-4.462	15	25	1	6	1	2	4	8	16	32	353	489
