9	1	48	4	4
500	200
500	200
500	200
500	200
500	200
500	200
500	200
500	200
500	200
500	200
500	200
500	200
500	200
500	200
500	200
500	200
0	4.163	13.559	0	0	0	0	0	1000
1	21.387	17.105	0	0	0	0	0	1000
2	-36.118	49.097	0	0	0	0	0	1000
3	-31.201	0.235	0	0	0	0	0	1000
4	-29.73	64.136	2	12	4	1	15	276	548
5	-30.664	5.463	7	8	4	1	15	98	438
6	51.642	5.469	21	16	4	1	15	91	330
7	-13.171	69.336	24	5	4	1	15	177	505
8	-67.413	68.323	1	12	4	1	15	282	581
9	48.907	6.274	17	5	4	1	15	262	445
10	5.243	22.26	6	13	4	1	15	223	458
11	-65.002	77.234	5	20	4	1	15	109	352
12	-4.175	-1.569	7	13	4	1	15	262	588
13	23.029	11.639	1	18	4	1	15	150	447
14	25.482	6.287	4	7	4	1	15	214	450
15	-42.615	-26.392	10	6	4	1	15	293	639
16	-76.672	99.341	2	9	2	2	5	10	157	452
17	-20.673	57.892	16	9	2	2	5	10	172	458
18	-52.039	6.567	23	4	2	2	5	10	233	442
19	-41.376	50.824	18	25	2	2	5	10	152	333
20	-91.943	27.588	3	5	2	2	5	10	158	385
21	-65.118	30.212	15	17	2	2	5	10	106	456
22	18.597	96.716	13	3	2	2	5	10	180	363
23	-40.942	83.209	10	16	2	2	5	10	62	297
24	-37.756	-33.325	4	25	2	2	5	10	110	468
25	23.767	29.083	23	21	2	2	5	10	242	553
26	-43.03	20.453	20	14	2	2	5	10	91	376
27	-35.297	-24.896	10	19	2	2	5	10	246	487
28	-54.755	14.368	4	14	1	4	1	2	4	8	202	382
29	-49.329	33.374	2	6	1	4	1	2	4	8	200	446
30	57.404	23.822	23	16	1	4	1	2	4	8	161	377
31	-22.754	55.408	6	9	1	4	1	2	4	8	247	579
32	-56.622	73.34	8	20	1	4	1	2	4	8	73	407
33	-38.562	-3.705	10	13	1	4	1	2	4	8	250	442
34	-16.779	19.537	7	10	1	4	1	2	4	8	125	451
35	-11.56	11.615	1	16	1	4	1	2	4	8	167	368
36	-46.545	97.974	21	19	1	4	1	2	4	8	162	506
37	16.229	9.32	6	22	1	4	1	2	4	8	75	266
38	1.294	7.349	4	14	1	4	1	2	4	8	182	507
39	-26.404	29.529	13	10	1	4	1	2	4	8	79	289
40	4.352	14.685	9	11	1	4	1	2	4	8	274	558
41	-50.665	-23.126	22	15	1	4	1	2	4	8	267	578
42	-22.833	-9.814	22	13	1	4	1	2	4	8	80	392
43	-71.1	-18.616	18	15	1	4	1	2	4	8	246	570
44	-7.849	32.074	10	8	1	4	1	2	4	8	150	419
45	11.877	-24.933	25	22	1	4	1	2	4	8	74	359
46	-18.927	-23.73	23	24	1	4	1	2	4	8	215	555
47	-11.92	11.755	4	3	1	4	1	2	4	8	232	510
48	29.84	11.633	9	25	1	4	1	2	4	8	130	408
49	12.268	-55.811	17	19	1	4	1	2	4	8	271	482
50	-37.933	-21.613	10	21	1	4	1	2	4	8	176	495
51	42.883	-2.966	17	10	1	4	1	2	4	8	262	521
