9	1	48	4	4
500	200
500	200
500	200
500	200
500	200
500	200
500	200
500	200
500	200
500	200
500	200
500	200
500	200
500	200
500	200
500	200
0	4.163	13.559	0	0	0	0	0	1000
1	21.387	17.105	0	0	0	0	0	1000
2	-36.118	49.097	0	0	0	0	0	1000
3	-31.201	0.235	0	0	0	0	0	1000
4	-29.73	64.136	2	12	4	1	15	288	519
5	-30.664	5.463	7	8	4	1	15	101	392
6	51.642	5.469	21	16	4	1	15	248	462
7	-13.171	69.336	24	5	4	1	15	198	552
8	-67.413	68.323	1	12	4	1	15	184	447
9	48.907	6.274	17	5	4	1	15	135	417
10	5.243	22.26	6	13	4	1	15	71	414
11	-65.002	77.234	5	20	4	1	15	190	484
12	-4.175	-1.569	7	13	4	1	15	100	455
13	23.029	11.639	1	18	4	1	15	196	428
14	25.482	6.287	4	7	4	1	15	185	483
15	-42.615	-26.392	10	6	4	1	15	125	471
16	-76.672	99.341	2	9	2	2	5	10	144	405
17	-20.673	57.892	16	9	2	2	5	10	66	248
18	-52.039	6.567	23	4	2	2	5	10	243	600
19	-41.376	50.824	18	25	2	2	5	10	166	493
20	-91.943	27.588	3	5	2	2	5	10	197	500
21	-65.118	30.212	15	17	2	2	5	10	255	611
22	18.597	96.716	13	3	2	2	5	10	128	311
23	-40.942	83.209	10	16	2	2	5	10	190	445
24	-37.756	-33.325	4	25	2	2	5	10	140	445
25	23.767	29.083	23	21	2	2	5	10	176	463
26	-43.03	20.453	20	14	2	2	5	10	105	368
27	-35.297	-24.896	10	19	2	2	5	10	167	437
28	-54.755	14.368	4	14	1	4	1	2	4	8	155	455
29	-49.329	33.374	2	6	1	4	1	2	4	8	247	506
30	57.404	23.822	23	16	1	4	1	2	4	8	93	358
31	-22.754	55.408	6	9	1	4	1	2	4	8	144	502
32	-56.622	73.34	8	20	1	4	1	2	4	8	172	484
33	-38.562	-3.705	10	13	1	4	1	2	4	8	241	454
34	-16.779	19.537	7	10	1	4	1	2	4	8	231	486
35	-11.56	11.615	1	16	1	4	1	2	4	8	89	325
36	-46.545	97.974	21	19	1	4	1	2	4	8	119	424
37	16.229	9.32	6	22	1	4	1	2	4	8	136	381
38	1.294	7.349	4	14	1	4	1	2	4	8	92	356
39	-26.404	29.529	13	10	1	4	1	2	4	8	294	578
40	4.352	14.685	9	11	1	4	1	2	4	8	257	534
41	-50.665	-23.126	22	15	1	4	1	2	4	8	80	264
42	-22.833	-9.814	22	13	1	4	1	2	4	8	152	354
43	-71.1	-18.616	18	15	1	4	1	2	4	8	195	503
44	-7.849	32.074	10	8	1	4	1	2	4	8	178	523
45	11.877	-24.933	25	22	1	4	1	2	4	8	217	442
46	-18.927	-23.73	23	24	1	4	1	2	4	8	220	499
47	-11.92	11.755	4	3	1	4	1	2	4	8	160	411
48	29.84	11.633	9	25	1	4	1	2	4	8	277	532
49	12.268	-55.811	17	19	1	4	1	2	4	8	122	408
50	-37.933	-21.613	10	21	1	4	1	2	4	8	128	464
51	42.883	-2.966	17	10	1	4	1	2	4	8	244	585
