9	2	96	4	4
480	195
480	195
480	195
480	195
480	195
480	195
480	195
480	195
480	195
480	195
480	195
480	195
480	195
480	195
480	195
480	195
0	6.229	10.59	0	0	0	0	0	1000
1	32.663	44.73	0	0	0	0	0	1000
2	48.807	48.792	0	0	0	0	0	1000
3	33.179	-4.968	0	0	0	0	0	1000
4	33.588	30.75	12	4	4	1	15	157	417
5	48.828	65.314	1	12	4	1	15	190	405
6	86.176	59.344	1	3	4	1	15	223	555
7	39.27	-33.057	15	15	4	1	15	113	306
8	-23.37	86.853	10	13	4	1	15	296	481
9	48.132	95.593	12	20	4	1	15	72	368
10	-16.357	93.311	15	21	4	1	15	157	457
11	-57.703	-65.601	16	4	4	1	15	279	560
12	7.147	32.684	18	25	4	1	15	216	429
13	42.95	68.701	9	21	4	1	15	232	544
14	37.085	-2.112	5	7	4	1	15	282	626
15	77.759	55.817	19	3	4	1	15	219	569
16	-17.462	-56.567	11	9	4	1	15	67	423
17	58.575	59.888	12	5	4	1	15	129	430
18	57.776	15.344	13	20	4	1	15	218	456
19	-22.327	36.072	8	21	4	1	15	299	575
20	-7.08	30.493	14	19	4	1	15	144	340
21	55.658	60.425	9	2	4	1	15	127	329
22	-14.307	11.456	2	16	4	1	15	66	412
23	-29.724	24.268	25	18	4	1	15	149	444
24	43.219	0.739	6	24	4	1	15	222	445
25	45.184	35.474	16	24	4	1	15	187	386
26	64.484	2.24	18	8	4	1	15	77	280
27	55.078	72.241	4	16	4	1	15	225	514
28	16.925	15.741	17	19	2	2	5	10	299	649
29	45.038	-3.723	4	12	2	2	5	10	219	442
30	-76.782	5.939	22	9	2	2	5	10	64	278
31	36.169	0.256	12	3	2	2	5	10	221	455
32	29.218	8.936	13	15	2	2	5	10	102	414
33	65.057	5.225	5	4	2	2	5	10	146	397
34	42.175	-22.284	24	24	2	2	5	10	216	410
35	25.574	31.726	12	22	2	2	5	10	79	424
36	31.561	37.262	16	14	2	2	5	10	254	550
37	66.498	-54.169	8	11	2	2	5	10	198	504
38	46.576	-17.938	10	20	2	2	5	10	207	517
39	65.063	40.875	15	5	2	2	5	10	269	480
40	-2.716	24.768	21	11	2	2	5	10	282	496
41	-40.002	3.87	5	12	2	2	5	10	196	541
42	-73.505	57.043	9	7	2	2	5	10	190	475
43	81.146	-25.714	5	1	2	2	5	10	101	442
44	12.006	-7.965	9	23	2	2	5	10	201	490
45	42.761	38.092	20	13	2	2	5	10	264	486
46	3.857	-23.181	14	4	2	2	5	10	84	383
47	-7.367	24.39	24	23	2	2	5	10	95	446
48	35.944	-11.835	23	17	2	2	5	10	145	423
49	52.075	9.692	12	13	2	2	5	10	61	305
50	30.725	30.701	13	9	2	2	5	10	271	601
51	41.223	77.924	19	10	2	2	5	10	243	530
52	68.884	-40.546	21	22	1	4	1	2	4	8	207	407
53	76.312	86.67	5	21	1	4	1	2	4	8	144	336
54	63.934	78.54	9	13	1	4	1	2	4	8	104	392
55	29.15	-9.961	23	25	1	4	1	2	4	8	155	364
56	85.522	39.954	8	8	1	4	1	2	4	8	252	484
57	31.775	3.87	5	20	1	4	1	2	4	8	180	373
58	-20.544	19.086	8	3	1	4	1	2	4	8	222	434
59	55.353	43.817	10	4	1	4	1	2	4	8	138	339
60	35.406	10.278	9	13	1	4	1	2	4	8	179	487
61	25.464	-0.287	21	18	1	4	1	2	4	8	254	487
62	12.396	0.244	12	1	1	4	1	2	4	8	275	633
63	18.359	20.917	8	10	1	4	1	2	4	8	89	367
64	27.96	-15.039	4	16	1	4	1	2	4	8	150	485
65	-3.192	19.879	14	9	1	4	1	2	4	8	224	490
66	9.332	-41.351	19	13	1	4	1	2	4	8	224	496
67	-20.581	38.177	23	23	1	4	1	2	4	8	270	619
68	27.82	28.729	4	14	1	4	1	2	4	8	76	361
69	59.027	42.31	9	5	1	4	1	2	4	8	238	460
70	56.311	58.734	1	1	1	4	1	2	4	8	166	437
71	-51.654	-0.342	21	6	1	4	1	2	4	8	137	393
72	2.576	32.721	20	20	1	4	1	2	4	8	264	448
73	15.131	-3.046	24	10	1	4	1	2	4	8	276	530
74	66.595	34.937	22	19	1	4	1	2	4	8	129	422
75	19.476	20.142	25	24	1	4	1	2	4	8	262	498
76	-1.172	20.648	19	3	1	4	1	2	4	8	121	464
77	-21.204	13.66	14	5	1	4	1	2	4	8	129	460
78	98.846	1.257	11	13	1	4	1	2	4	8	82	337
79	82.593	72.003	22	5	1	4	1	2	4	8	141	335
80	30.017	-30.896	25	4	1	4	1	2	4	8	185	405
81	33.228	41.663	5	12	1	4	1	2	4	8	75	347
82	39.49	-8.539	10	11	1	4	1	2	4	8	149	442
83	54.498	70.813	4	20	1	4	1	2	4	8	290	586
84	3.058	10.248	4	13	1	4	1	2	4	8	287	512
85	51.831	-16.87	6	1	1	4	1	2	4	8	85	273
86	76.416	11.346	22	3	1	4	1	2	4	8	74	431
87	5.243	0.238	17	2	1	4	1	2	4	8	240	443
88	50.592	34.247	22	23	1	4	1	2	4	8	82	439
89	-5.231	-2.081	3	8	1	4	1	2	4	8	192	481
90	24.194	25.836	25	25	1	4	1	2	4	8	103	330
91	33.63	37.585	22	18	1	4	1	2	4	8	90	425
92	31.445	-7.001	23	4	1	4	1	2	4	8	270	617
93	30.707	-28.168	16	5	1	4	1	2	4	8	118	324
94	49.86	1.038	13	21	1	4	1	2	4	8	144	467
95	-35.767	14.142	23	23	1	4	1	2	4	8	120	461
96	-29.309	4.889	1	19	1	4	1	2	4	8	189	417
97	19.049	41.974	11	2	1	4	1	2	4	8	71	262
98	27.6	13.934	19	21	1	4	1	2	4	8	111	347
99	52.832	50.684	21	10	1	4	1	2	4	8	128	448
