9	2	96	4	4
480	195
480	195
480	195
480	195
480	195
480	195
480	195
480	195
480	195
480	195
480	195
480	195
480	195
480	195
480	195
480	195
0	6.229	10.59	0	0	0	0	0	1000
1	32.663	44.73	0	0	0	0	0	1000
2	48.807	48.792	0	0	0	0	0	1000
3	33.179	-4.968	0	0	0	0	0	1000
4	33.588	30.75	12	4	4	1	15	88	312
5	48.828	65.314	1	12	4	1	15	139	461
6	86.176	59.344	1	3	4	1	15	281	465
7	39.27	-33.057	15	15	4	1	15	286	519
8	-23.37	86.853	10	13	4	1	15	69	378
9	48.132	95.593	12	20	4	1	15	253	539
10	-16.357	93.311	15	21	4	1	15	218	573
11	-57.703	-65.601	16	4	4	1	15	297	479
12	7.147	32.684	18	25	4	1	15	106	348
13	42.95	68.701	9	21	4	1	15	74	267
14	37.085	-2.112	5	7	4	1	15	96	346
15	77.759	55.817	19	3	4	1	15	76	294
16	-17.462	-56.567	11	9	4	1	15	190	413
17	58.575	59.888	12	5	4	1	15	132	375
18	57.776	15.344	13	20	4	1	15	94	407
19	-22.327	36.072	8	21	4	1	15	283	487
20	-7.08	30.493	14	19	4	1	15	208	528
21	55.658	60.425	9	2	4	1	15	155	367
22	-14.307	11.456	2	16	4	1	15	70	394
23	-29.724	24.268	25	18	4	1	15	208	431
24	43.219	0.739	6	24	4	1	15	219	444
25	45.184	35.474	16	24	4	1	15	265	534
26	64.484	2.24	18	8	4	1	15	181	526
27	55.078	72.241	4	16	4	1	15	151	510
28	16.925	15.741	17	19	2	2	5	10	220	546
29	45.038	-3.723	4	12	2	2	5	10	226	477
30	-76.782	5.939	22	9	2	2	5	10	274	580
31	36.169	0.256	12	3	2	2	5	10	181	363
32	29.218	8.936	13	15	2	2	5	10	125	457
33	65.057	5.225	5	4	2	2	5	10	107	364
34	42.175	-22.284	24	24	2	2	5	10	212	403
35	25.574	31.726	12	22	2	2	5	10	298	574
36	31.561	37.262	16	14	2	2	5	10	191	496
37	66.498	-54.169	8	11	2	2	5	10	187	426
38	46.576	-17.938	10	20	2	2	5	10	158	448
39	65.063	40.875	15	5	2	2	5	10	85	328
40	-2.716	24.768	21	11	2	2	5	10	210	529
41	-40.002	3.87	5	12	2	2	5	10	115	307
42	-73.505	57.043	9	7	2	2	5	10	124	393
43	81.146	-25.714	5	1	2	2	5	10	255	444
44	12.006	-7.965	9	23	2	2	5	10	124	309
45	42.761	38.092	20	13	2	2	5	10	202	438
46	3.857	-23.181	14	4	2	2	5	10	197	468
47	-7.367	24.39	24	23	2	2	5	10	85	380
48	35.944	-11.835	23	17	2	2	5	10	113	441
49	52.075	9.692	12	13	2	2	5	10	275	498
50	30.725	30.701	13	9	2	2	5	10	264	564
51	41.223	77.924	19	10	2	2	5	10	98	382
52	68.884	-40.546	21	22	1	4	1	2	4	8	188	393
53	76.312	86.67	5	21	1	4	1	2	4	8	192	506
54	63.934	78.54	9	13	1	4	1	2	4	8	183	390
55	29.15	-9.961	23	25	1	4	1	2	4	8	157	367
56	85.522	39.954	8	8	1	4	1	2	4	8	224	440
57	31.775	3.87	5	20	1	4	1	2	4	8	75	260
58	-20.544	19.086	8	3	1	4	1	2	4	8	162	440
59	55.353	43.817	10	4	1	4	1	2	4	8	174	404
60	35.406	10.278	9	13	1	4	1	2	4	8	207	467
61	25.464	-0.287	21	18	1	4	1	2	4	8	283	554
62	12.396	0.244	12	1	1	4	1	2	4	8	155	431
63	18.359	20.917	8	10	1	4	1	2	4	8	295	572
64	27.96	-15.039	4	16	1	4	1	2	4	8	212	551
65	-3.192	19.879	14	9	1	4	1	2	4	8	152	363
66	9.332	-41.351	19	13	1	4	1	2	4	8	180	531
67	-20.581	38.177	23	23	1	4	1	2	4	8	114	438
68	27.82	28.729	4	14	1	4	1	2	4	8	108	440
69	59.027	42.31	9	5	1	4	1	2	4	8	298	530
70	56.311	58.734	1	1	1	4	1	2	4	8	131	345
71	-51.654	-0.342	21	6	1	4	1	2	4	8	240	428
72	2.576	32.721	20	20	1	4	1	2	4	8	196	382
73	15.131	-3.046	24	10	1	4	1	2	4	8	105	364
74	66.595	34.937	22	19	1	4	1	2	4	8	281	638
75	19.476	20.142	25	24	1	4	1	2	4	8	243	539
76	-1.172	20.648	19	3	1	4	1	2	4	8	133	328
77	-21.204	13.66	14	5	1	4	1	2	4	8	206	388
78	98.846	1.257	11	13	1	4	1	2	4	8	74	363
79	82.593	72.003	22	5	1	4	1	2	4	8	171	352
80	30.017	-30.896	25	4	1	4	1	2	4	8	233	473
81	33.228	41.663	5	12	1	4	1	2	4	8	145	502
82	39.49	-8.539	10	11	1	4	1	2	4	8	242	489
83	54.498	70.813	4	20	1	4	1	2	4	8	109	391
84	3.058	10.248	4	13	1	4	1	2	4	8	89	293
85	51.831	-16.87	6	1	1	4	1	2	4	8	89	297
86	76.416	11.346	22	3	1	4	1	2	4	8	104	390
87	5.243	0.238	17	2	1	4	1	2	4	8	197	412
88	50.592	34.247	22	23	1	4	1	2	4	8	292	541
89	-5.231	-2.081	3	8	1	4	1	2	4	8	102	412
90	24.194	25.836	25	25	1	4	1	2	4	8	101	432
91	33.63	37.585	22	18	1	4	1	2	4	8	133	482
92	31.445	-7.001	23	4	1	4	1	2	4	8	278	560
93	30.707	-28.168	16	5	1	4	1	2	4	8	118	332
94	49.86	1.038	13	21	1	4	1	2	4	8	230	526
95	-35.767	14.142	23	23	1	4	1	2	4	8	85	296
96	-29.309	4.889	1	19	1	4	1	2	4	8	220	412
97	19.049	41.974	11	2	1	4	1	2	4	8	117	430
98	27.6	13.934	19	21	1	4	1	2	4	8	126	396
99	52.832	50.684	21	10	1	4	1	2	4	8	139	339
