9	3	144	4	4
460	190
460	190
460	190
460	190
460	190
460	190
460	190
460	190
460	190
460	190
460	190
460	190
460	190
460	190
460	190
460	190
0	-40.082	-24.78	0	0	0	0	0	1000
1	24.292	-27.704	0	0	0	0	0	1000
2	-45.877	41.092	0	0	0	0	0	1000
3	-11.896	15.875	0	0	0	0	0	1000
4	-55.28	-24.371	25	9	4	1	15	89	288
5	-48.297	53.314	13	22	4	1	15	101	360
6	-49.072	-38.489	20	10	4	1	15	92	388
7	25.311	-18.561	16	24	4	1	15	76	285
8	-24.469	-3.815	4	25	4	1	15	239	469
9	24.591	-17.896	2	6	4	1	15	278	577
10	-10.419	60.364	7	22	4	1	15	60	370
11	38.177	-35.175	15	1	4	1	15	244	578
12	-68.28	93.073	10	19	4	1	15	179	465
13	-30.792	-57.336	4	19	4	1	15	121	476
14	-37.061	-12.122	19	5	4	1	15	77	435
15	-15.741	-47.638	10	9	4	1	15	164	488
16	-63.379	-22.919	15	8	4	1	15	208	555
17	-43.109	-43.439	4	14	4	1	15	100	454
18	-25.623	13.599	17	4	4	1	15	74	403
19	-2.625	16.632	4	7	4	1	15	242	460
20	-41.577	-28.497	3	10	4	1	15	92	416
21	2.081	12.885	9	22	4	1	15	125	330
22	3.925	-47.845	25	17	4	1	15	74	430
23	-83.295	26.324	14	10	4	1	15	136	387
24	-6.458	26.355	23	8	4	1	15	221	498
25	3.29	6.732	7	14	4	1	15	222	537
26	-34.869	30.426	7	12	4	1	15	88	397
27	15.546	-36.273	1	17	4	1	15	206	395
28	12.842	5.127	10	19	4	1	15	233	492
29	-48.45	-24.426	15	25	4	1	15	103	379
30	-88.538	-10.461	1	25	4	1	15	89	433
31	-29.773	0.995	2	6	4	1	15	165	418
32	9.827	38.416	9	21	4	1	15	113	429
33	1.41	92.938	10	3	4	1	15	260	489
34	-79.303	15.381	2	19	4	1	15	89	445
35	-30.652	40.063	23	16	4	1	15	219	442
36	18.927	21.637	15	21	4	1	15	192	472
37	45.087	-59.906	13	17	4	1	15	277	508
38	-34.949	-3.815	16	19	4	1	15	294	593
39	81.201	-74.744	21	6	4	1	15	141	463
40	15.594	-28.455	1	10	2	2	5	10	270	540
41	-72.192	29.547	18	22	2	2	5	10	105	419
42	-42.914	-22.675	17	17	2	2	5	10	157	469
43	-76.392	-57.489	13	16	2	2	5	10	117	395
44	-28.54	12.073	5	5	2	2	5	10	273	530
45	-61.389	26.526	23	1	2	2	5	10	229	574
46	-8.472	12.616	20	21	2	2	5	10	157	436
47	-61.475	33.392	1	20	2	2	5	10	234	572
48	-34.674	-27.588	2	6	2	2	5	10	277	615
49	10.315	-12.518	15	1	2	2	5	10	251	472
50	-83.014	77.002	20	11	2	2	5	10	72	338
51	-40.417	49.988	9	22	2	2	5	10	66	349
52	83.832	33.905	13	25	2	2	5	10	143	404
53	-20.563	-75.83	4	18	2	2	5	10	190	414
54	15.442	-18.719	15	9	2	2	5	10	214	433
55	-59.937	-65.802	5	23	2	2	5	10	267	491
56	5.151	47.815	8	17	2	2	5	10	205	393
57	46.008	14.99	19	4	2	2	5	10	209	480
58	82.977	-1.66	16	1	2	2	5	10	126	482
59	39.893	-38.916	11	14	2	2	5	10	171	459
60	90.839	-83.539	23	11	2	2	5	10	123	482
61	7.068	0.067	14	7	2	2	5	10	173	395
62	18.958	40.088	24	21	2	2	5	10	236	510
63	-80.487	58.209	5	3	2	2	5	10	287	574
64	64.459	-62.946	5	18	2	2	5	10	228	418
65	-43.616	-26.117	23	5	2	2	5	10	275	624
66	-18.408	10.303	3	6	2	2	5	10	252	455
67	-43.921	63.251	10	22	2	2	5	10	81	345
68	11.353	26.221	23	13	2	2	5	10	79	311
69	-6.995	38.239	23	17	2	2	5	10	298	635
70	74.084	-34.216	20	5	2	2	5	10	280	529
71	14.301	-0.8	5	7	2	2	5	10	171	464
72	-94.141	-48.779	14	1	2	2	5	10	226	547
73	15.332	-42.169	1	3	2	2	5	10	179	425
74	-46.637	-16.461	10	10	2	2	5	10	115	449
75	-0.958	-81	3	5	2	2	5	10	286	547
76	-37.445	-42.505	4	1	1	4	1	2	4	8	229	463
77	-3.68	-69.073	23	17	1	4	1	2	4	8	169	360
78	34.894	-20.898	21	14	1	4	1	2	4	8	61	363
79	45.544	51.41	3	4	1	4	1	2	4	8	201	545
80	-31.927	88.239	21	10	1	4	1	2	4	8	119	435
81	-13.58	-26.959	25	25	1	4	1	2	4	8	138	492
82	12.653	-48.34	5	11	1	4	1	2	4	8	162	515
83	-46.179	-38.269	11	16	1	4	1	2	4	8	281	486
84	-29.62	35.083	10	25	1	4	1	2	4	8	276	564
85	13.696	43.988	5	20	1	4	1	2	4	8	157	422
86	38.342	-46.338	3	3	1	4	1	2	4	8	240	440
87	-26.227	24.506	13	7	1	4	1	2	4	8	191	511
88	90.009	-43.64	19	2	1	4	1	2	4	8	195	384
89	-6.995	22.522	13	6	1	4	1	2	4	8	222	426
90	-29.993	-28.851	8	14	1	4	1	2	4	8	269	452
91	-56.268	-64.74	13	14	1	4	1	2	4	8	102	336
92	-87.415	90.796	15	2	1	4	1	2	4	8	218	441
93	-5.762	54.034	10	15	1	4	1	2	4	8	296	555
94	-34.845	-27.185	4	22	1	4	1	2	4	8	112	308
95	-16.479	16.18	23	4	1	4	1	2	4	8	298	506
96	23.712	29.492	23	22	1	4	1	2	4	8	243	453
97	-40.991	46.594	14	19	1	4	1	2	4	8	209	453
98	-53.516	-21.619	20	5	1	4	1	2	4	8	75	295
99	-17.56	37.494	3	10	1	4	1	2	4	8	169	489
100	-37.311	56.836	5	4	1	4	1	2	4	8	196	488
101	71.515	22.51	16	7	1	4	1	2	4	8	127	455
102	-41.864	27.71	21	11	1	4	1	2	4	8	102	387
103	14.819	-82.117	4	14	1	4	1	2	4	8	151	421
104	30.316	-55.322	2	2	1	4	1	2	4	8	118	458
105	-39.172	47.998	11	12	1	4	1	2	4	8	149	343
106	-94.415	15.192	15	12	1	4	1	2	4	8	271	506
107	-7.806	11.273	16	24	1	4	1	2	4	8	181	421
108	28.571	-49.908	3	8	1	4	1	2	4	8	103	354
109	-20.654	24.554	21	4	1	4	1	2	4	8	234	573
110	-30.963	-18.903	21	25	1	4	1	2	4	8	170	356
111	1.721	-20.447	25	6	1	4	1	2	4	8	142	433
112	-31.012	-21.106	12	9	1	4	1	2	4	8	77	291
113	-85.718	-28.015	21	23	1	4	1	2	4	8	220	509
114	58.826	-63.043	6	15	1	4	1	2	4	8	288	535
115	-15.753	-52.686	2	7	1	4	1	2	4	8	167	445
116	-71.661	51.184	24	6	1	4	1	2	4	8	159	395
117	-92.633	-6.598	21	5	1	4	1	2	4	8	170	381
118	33.508	-49.255	24	12	1	4	1	2	4	8	140	354
119	59.314	54.095	11	3	1	4	1	2	4	8	75	358
120	30.737	-28.436	12	22	1	4	1	2	4	8	143	335
121	-55.896	18.457	22	18	1	4	1	2	4	8	92	441
122	-89.96	-39.532	19	16	1	4	1	2	4	8	71	395
123	36.438	20.819	8	5	1	4	1	2	4	8	90	393
124	-53.674	-56.427	9	1	1	4	1	2	4	8	276	475
125	-31.866	32.538	10	8	1	4	1	2	4	8	227	475
126	5.658	12.756	5	20	1	4	1	2	4	8	277	460
127	-52.905	42.804	14	17	1	4	1	2	4	8	217	496
128	47.131	-45.465	7	11	1	4	1	2	4	8	200	461
129	30.792	9.869	5	8	1	4	1	2	4	8	223	527
130	-45.209	-56.293	22	15	1	4	1	2	4	8	162	359
131	10.919	13.306	5	16	1	4	1	2	4	8	183	465
132	-32.99	-34.003	1	6	1	4	1	2	4	8	151	395
133	-40.869	30.579	9	24	1	4	1	2	4	8	88	311
134	-69.348	80.408	16	10	1	4	1	2	4	8	169	447
135	-58.966	-29.541	14	4	1	4	1	2	4	8	189	501
136	-36.847	-33.71	21	10	1	4	1	2	4	8	80	271
137	-21.82	65.369	8	17	1	4	1	2	4	8	265	611
138	22.98	-41.01	7	5	1	4	1	2	4	8	118	440
139	-77.557	59.814	24	14	1	4	1	2	4	8	76	339
140	-47.205	67.725	24	16	1	4	1	2	4	8	73	324
141	-21.606	35.168	16	11	1	4	1	2	4	8	119	366
142	-55.676	-31.384	4	25	1	4	1	2	4	8	262	579
143	-85.229	88.788	7	4	1	4	1	2	4	8	253	466
144	-3.918	-63.525	13	12	1	4	1	2	4	8	134	367
145	-58.557	59.375	25	19	1	4	1	2	4	8	115	304
146	-24.542	14.935	10	6	1	4	1	2	4	8	277	511
147	-48.779	16.968	24	23	1	4	1	2	4	8	86	434
