9	3	144	4	4
460	190
460	190
460	190
460	190
460	190
460	190
460	190
460	190
460	190
460	190
460	190
460	190
460	190
460	190
460	190
460	190
0	-40.082	-24.78	0	0	0	0	0	1000
1	24.292	-27.704	0	0	0	0	0	1000
2	-45.877	41.092	0	0	0	0	0	1000
3	-11.896	15.875	0	0	0	0	0	1000
4	-55.28	-24.371	25	9	4	1	15	204	515
5	-48.297	53.314	13	22	4	1	15	203	424
6	-49.072	-38.489	20	10	4	1	15	169	352
7	25.311	-18.561	16	24	4	1	15	108	433
8	-24.469	-3.815	4	25	4	1	15	235	447
9	24.591	-17.896	2	6	4	1	15	296	573
10	-10.419	60.364	7	22	4	1	15	268	566
11	38.177	-35.175	15	1	4	1	15	221	401
12	-68.28	93.073	10	19	4	1	15	190	374
13	-30.792	-57.336	4	19	4	1	15	290	490
14	-37.061	-12.122	19	5	4	1	15	225	502
15	-15.741	-47.638	10	9	4	1	15	196	434
16	-63.379	-22.919	15	8	4	1	15	101	319
17	-43.109	-43.439	4	14	4	1	15	139	386
18	-25.623	13.599	17	4	4	1	15	251	592
19	-2.625	16.632	4	7	4	1	15	256	572
20	-41.577	-28.497	3	10	4	1	15	277	488
21	2.081	12.885	9	22	4	1	15	169	436
22	3.925	-47.845	25	17	4	1	15	123	364
23	-83.295	26.324	14	10	4	1	15	208	419
24	-6.458	26.355	23	8	4	1	15	172	434
25	3.29	6.732	7	14	4	1	15	213	428
26	-34.869	30.426	7	12	4	1	15	200	502
27	15.546	-36.273	1	17	4	1	15	122	450
28	12.842	5.127	10	19	4	1	15	115	431
29	-48.45	-24.426	15	25	4	1	15	156	350
30	-88.538	-10.461	1	25	4	1	15	258	460
31	-29.773	0.995	2	6	4	1	15	263	498
32	9.827	38.416	9	21	4	1	15	120	349
33	1.41	92.938	10	3	4	1	15	215	418
34	-79.303	15.381	2	19	4	1	15	200	538
35	-30.652	40.063	23	16	4	1	15	274	602
36	18.927	21.637	15	21	4	1	15	109	377
37	45.087	-59.906	13	17	4	1	15	221	535
38	-34.949	-3.815	16	19	4	1	15	274	465
39	81.201	-74.744	21	6	4	1	15	246	583
40	15.594	-28.455	1	10	2	2	5	10	113	348
41	-72.192	29.547	18	22	2	2	5	10	80	276
42	-42.914	-22.675	17	17	2	2	5	10	285	472
43	-76.392	-57.489	13	16	2	2	5	10	81	309
44	-28.54	12.073	5	5	2	2	5	10	187	466
45	-61.389	26.526	23	1	2	2	5	10	196	521
46	-8.472	12.616	20	21	2	2	5	10	230	436
47	-61.475	33.392	1	20	2	2	5	10	261	546
48	-34.674	-27.588	2	6	2	2	5	10	70	408
49	10.315	-12.518	15	1	2	2	5	10	192	397
50	-83.014	77.002	20	11	2	2	5	10	170	479
51	-40.417	49.988	9	22	2	2	5	10	193	540
52	83.832	33.905	13	25	2	2	5	10	249	431
53	-20.563	-75.83	4	18	2	2	5	10	231	487
54	15.442	-18.719	15	9	2	2	5	10	89	374
55	-59.937	-65.802	5	23	2	2	5	10	117	316
56	5.151	47.815	8	17	2	2	5	10	108	356
57	46.008	14.99	19	4	2	2	5	10	157	499
58	82.977	-1.66	16	1	2	2	5	10	182	517
59	39.893	-38.916	11	14	2	2	5	10	111	325
60	90.839	-83.539	23	11	2	2	5	10	138	346
61	7.068	0.067	14	7	2	2	5	10	279	638
62	18.958	40.088	24	21	2	2	5	10	172	383
63	-80.487	58.209	5	3	2	2	5	10	261	515
64	64.459	-62.946	5	18	2	2	5	10	269	560
65	-43.616	-26.117	23	5	2	2	5	10	208	548
66	-18.408	10.303	3	6	2	2	5	10	266	482
67	-43.921	63.251	10	22	2	2	5	10	81	344
68	11.353	26.221	23	13	2	2	5	10	93	437
69	-6.995	38.239	23	17	2	2	5	10	66	338
70	74.084	-34.216	20	5	2	2	5	10	164	462
71	14.301	-0.8	5	7	2	2	5	10	68	278
72	-94.141	-48.779	14	1	2	2	5	10	258	474
73	15.332	-42.169	1	3	2	2	5	10	219	562
74	-46.637	-16.461	10	10	2	2	5	10	200	488
75	-0.958	-81	3	5	2	2	5	10	99	373
76	-37.445	-42.505	4	1	1	4	1	2	4	8	234	444
77	-3.68	-69.073	23	17	1	4	1	2	4	8	265	615
78	34.894	-20.898	21	14	1	4	1	2	4	8	288	491
79	45.544	51.41	3	4	1	4	1	2	4	8	207	407
80	-31.927	88.239	21	10	1	4	1	2	4	8	125	470
81	-13.58	-26.959	25	25	1	4	1	2	4	8	152	410
82	12.653	-48.34	5	11	1	4	1	2	4	8	284	546
83	-46.179	-38.269	11	16	1	4	1	2	4	8	121	465
84	-29.62	35.083	10	25	1	4	1	2	4	8	294	511
85	13.696	43.988	5	20	1	4	1	2	4	8	62	351
86	38.342	-46.338	3	3	1	4	1	2	4	8	72	319
87	-26.227	24.506	13	7	1	4	1	2	4	8	217	475
88	90.009	-43.64	19	2	1	4	1	2	4	8	239	439
89	-6.995	22.522	13	6	1	4	1	2	4	8	271	626
90	-29.993	-28.851	8	14	1	4	1	2	4	8	105	294
91	-56.268	-64.74	13	14	1	4	1	2	4	8	280	514
92	-87.415	90.796	15	2	1	4	1	2	4	8	72	256
93	-5.762	54.034	10	15	1	4	1	2	4	8	249	527
94	-34.845	-27.185	4	22	1	4	1	2	4	8	237	465
95	-16.479	16.18	23	4	1	4	1	2	4	8	153	357
96	23.712	29.492	23	22	1	4	1	2	4	8	298	487
97	-40.991	46.594	14	19	1	4	1	2	4	8	147	407
98	-53.516	-21.619	20	5	1	4	1	2	4	8	195	547
99	-17.56	37.494	3	10	1	4	1	2	4	8	126	461
100	-37.311	56.836	5	4	1	4	1	2	4	8	117	433
101	71.515	22.51	16	7	1	4	1	2	4	8	71	412
102	-41.864	27.71	21	11	1	4	1	2	4	8	274	482
103	14.819	-82.117	4	14	1	4	1	2	4	8	78	329
104	30.316	-55.322	2	2	1	4	1	2	4	8	257	493
105	-39.172	47.998	11	12	1	4	1	2	4	8	71	351
106	-94.415	15.192	15	12	1	4	1	2	4	8	73	319
107	-7.806	11.273	16	24	1	4	1	2	4	8	285	583
108	28.571	-49.908	3	8	1	4	1	2	4	8	262	443
109	-20.654	24.554	21	4	1	4	1	2	4	8	79	308
110	-30.963	-18.903	21	25	1	4	1	2	4	8	87	304
111	1.721	-20.447	25	6	1	4	1	2	4	8	269	627
112	-31.012	-21.106	12	9	1	4	1	2	4	8	62	267
113	-85.718	-28.015	21	23	1	4	1	2	4	8	66	278
114	58.826	-63.043	6	15	1	4	1	2	4	8	141	414
115	-15.753	-52.686	2	7	1	4	1	2	4	8	262	620
116	-71.661	51.184	24	6	1	4	1	2	4	8	76	303
117	-92.633	-6.598	21	5	1	4	1	2	4	8	176	383
118	33.508	-49.255	24	12	1	4	1	2	4	8	206	529
119	59.314	54.095	11	3	1	4	1	2	4	8	234	526
120	30.737	-28.436	12	22	1	4	1	2	4	8	93	424
121	-55.896	18.457	22	18	1	4	1	2	4	8	92	400
122	-89.96	-39.532	19	16	1	4	1	2	4	8	212	397
123	36.438	20.819	8	5	1	4	1	2	4	8	97	422
124	-53.674	-56.427	9	1	1	4	1	2	4	8	268	491
125	-31.866	32.538	10	8	1	4	1	2	4	8	72	291
126	5.658	12.756	5	20	1	4	1	2	4	8	79	419
127	-52.905	42.804	14	17	1	4	1	2	4	8	115	351
128	47.131	-45.465	7	11	1	4	1	2	4	8	182	387
129	30.792	9.869	5	8	1	4	1	2	4	8	259	525
130	-45.209	-56.293	22	15	1	4	1	2	4	8	198	432
131	10.919	13.306	5	16	1	4	1	2	4	8	88	278
132	-32.99	-34.003	1	6	1	4	1	2	4	8	262	492
133	-40.869	30.579	9	24	1	4	1	2	4	8	211	527
134	-69.348	80.408	16	10	1	4	1	2	4	8	197	450
135	-58.966	-29.541	14	4	1	4	1	2	4	8	182	501
136	-36.847	-33.71	21	10	1	4	1	2	4	8	298	582
137	-21.82	65.369	8	17	1	4	1	2	4	8	76	271
138	22.98	-41.01	7	5	1	4	1	2	4	8	83	421
139	-77.557	59.814	24	14	1	4	1	2	4	8	290	482
140	-47.205	67.725	24	16	1	4	1	2	4	8	85	390
141	-21.606	35.168	16	11	1	4	1	2	4	8	61	247
142	-55.676	-31.384	4	25	1	4	1	2	4	8	148	438
143	-85.229	88.788	7	4	1	4	1	2	4	8	84	408
144	-3.918	-63.525	13	12	1	4	1	2	4	8	278	614
145	-58.557	59.375	25	19	1	4	1	2	4	8	104	427
146	-24.542	14.935	10	6	1	4	1	2	4	8	132	459
147	-48.779	16.968	24	23	1	4	1	2	4	8	236	582
