9	4	192	4	4
440	185
440	185
440	185
440	185
440	185
440	185
440	185
440	185
440	185
440	185
440	185
440	185
440	185
440	185
440	185
440	185
0	-0.14	7.266	0	0	0	0	0	1000
1	-23.138	48.45	0	0	0	0	0	1000
2	-26.102	16.809	0	0	0	0	0	1000
3	0.244	-35.892	0	0	0	0	0	1000
4	-44.629	-55.64	6	11	4	1	15	90	444
5	36.096	64.935	16	11	4	1	15	63	260
6	-25.47	44.58	7	23	4	1	15	143	371
7	-33.954	-73.059	20	16	4	1	15	106	291
8	45.654	35.73	7	16	4	1	15	169	501
9	14.954	-36.719	8	2	4	1	15	63	375
10	-1.477	47.205	4	1	4	1	15	141	405
11	2.155	-40.912	23	25	4	1	15	191	497
12	22.992	1.398	4	24	4	1	15	251	580
13	-28.857	5.957	5	14	4	1	15	168	505
14	-48.12	94.116	15	6	4	1	15	298	583
15	7.239	17.322	12	20	4	1	15	253	503
16	4.614	27.051	12	10	4	1	15	226	518
17	-13.971	28.198	18	11	4	1	15	68	352
18	12.946	-11.688	19	2	4	1	15	294	639
19	-36.67	23.102	17	22	4	1	15	200	431
20	-4.224	-49.31	2	2	4	1	15	215	544
21	1.093	-7.135	15	12	4	1	15	94	291
22	-56.958	27.905	10	9	4	1	15	78	287
23	-80.994	-77.686	3	21	4	1	15	64	344
24	72.26	59.027	24	10	4	1	15	223	553
25	-21.655	1.636	1	13	4	1	15	180	361
26	-20.154	-62.415	22	25	4	1	15	234	507
27	-48.157	6.287	22	9	4	1	15	262	462
28	-5.078	61.597	17	19	4	1	15	246	439
29	17.145	-47.046	7	22	4	1	15	220	521
30	-16.064	8.557	11	4	4	1	15	143	346
31	6.683	-27.069	4	4	4	1	15	149	473
32	15.027	-34.979	15	7	4	1	15	101	400
33	37.946	73.914	15	20	4	1	15	174	374
34	-41.199	-43.018	9	17	4	1	15	206	548
35	32.538	11.786	15	19	4	1	15	140	489
36	-20.306	-20.239	1	12	4	1	15	194	449
37	-35.48	19.135	13	2	4	1	15	128	350
38	58.038	56.659	17	13	4	1	15	189	497
39	-36.694	-6.256	17	24	4	1	15	198	419
40	0.446	-46.735	25	22	4	1	15	91	311
41	-19.69	38.977	5	17	4	1	15	95	350
42	-47.339	20.911	25	19	4	1	15	190	546
43	-79.236	-57.678	2	4	4	1	15	219	406
44	5.597	-34.076	9	12	4	1	15	183	512
45	34.454	-8.289	7	22	4	1	15	257	531
46	18.5	-51.154	5	2	4	1	15	118	405
47	-4.346	-44.525	3	19	4	1	15	143	343
48	-14.148	-74.164	17	3	4	1	15	200	548
49	19.867	77.515	12	5	4	1	15	226	446
50	-50.079	17.871	21	22	4	1	15	120	352
51	42.786	-79.883	18	6	4	1	15	275	556
52	1.52	-29.034	8	9	2	2	5	10	98	415
53	14.728	-3.436	14	8	2	2	5	10	189	503
54	-26.166	-48.999	22	24	2	2	5	10	246	478
55	-63.873	-5.273	16	15	2	2	5	10	137	375
56	-54.138	7.086	21	16	2	2	5	10	187	527
57	17.932	-34.094	7	9	2	2	5	10	103	460
58	-98.706	34.552	12	1	2	2	5	10	90	344
59	28.802	-8.582	2	18	2	2	5	10	168	513
60	2.716	90.594	5	17	2	2	5	10	279	557
61	-31.024	48.938	3	18	2	2	5	10	63	416
62	-46.545	42.316	11	2	2	2	5	10	77	349
63	27.289	58.179	2	25	2	2	5	10	278	574
64	28.815	-28.027	7	21	2	2	5	10	244	465
65	-26.099	11.328	20	19	2	2	5	10	157	463
66	0.537	-26.221	7	10	2	2	5	10	84	320
67	-50.458	7.812	11	2	2	2	5	10	288	492
68	30.005	19.092	24	21	2	2	5	10	289	602
69	-12.604	22.058	15	20	2	2	5	10	298	560
70	22.009	-8.636	5	21	2	2	5	10	190	474
71	8.942	2.875	25	2	2	2	5	10	102	320
72	-19.812	0.922	12	6	2	2	5	10	256	532
73	-4.23	31.25	22	2	2	2	5	10	252	485
74	17.975	-0.409	11	12	2	2	5	10	189	500
75	-2.35	42.938	16	12	2	2	5	10	88	314
76	-16.516	68.085	10	5	2	2	5	10	84	358
77	-1.19	42.023	3	5	2	2	5	10	132	332
78	56.635	-44.019	10	8	2	2	5	10	289	605
79	57.483	35.504	17	15	2	2	5	10	231	559
80	-26.099	7.477	2	8	2	2	5	10	244	457
81	7.489	-57.239	21	7	2	2	5	10	130	482
82	-22.095	55.78	16	14	2	2	5	10	81	360
83	19.867	38.824	6	18	2	2	5	10	213	520
84	5.31	49.219	12	17	2	2	5	10	223	415
85	15.155	6.299	23	5	2	2	5	10	226	547
86	5.481	-31.5	23	6	2	2	5	10	135	429
87	7.959	-28.662	18	9	2	2	5	10	186	430
88	-75.812	4.01	18	24	2	2	5	10	98	408
89	-43.671	-61.646	14	13	2	2	5	10	103	382
90	-2.576	-62.14	2	5	2	2	5	10	196	410
91	-18.842	-36.884	11	4	2	2	5	10	70	370
92	20.844	21.167	24	22	2	2	5	10	159	502
93	3.137	-19.22	14	24	2	2	5	10	234	538
94	-20.361	18.878	3	25	2	2	5	10	234	510
95	-0.897	-54.938	21	9	2	2	5	10	272	478
96	-29.553	9.277	8	8	2	2	5	10	265	493
97	5.048	-35.046	19	8	2	2	5	10	61	416
98	27.759	48.712	7	25	2	2	5	10	263	612
99	12.079	-42.346	19	7	2	2	5	10	199	459
100	-51.27	41.144	23	24	1	4	1	2	4	8	128	365
101	-29.077	4.291	8	16	1	4	1	2	4	8	217	532
102	-18.555	-14.819	18	15	1	4	1	2	4	8	129	460
103	7.855	-49.451	7	7	1	4	1	2	4	8	114	351
104	-19.116	-32.086	1	17	1	4	1	2	4	8	283	615
105	17.651	-52.271	9	9	1	4	1	2	4	8	166	442
106	16.907	-62.964	5	14	1	4	1	2	4	8	230	480
107	18.988	6.219	23	20	1	4	1	2	4	8	79	414
108	-68.878	-64.539	18	6	1	4	1	2	4	8	158	460
109	-13.361	20.264	5	17	1	4	1	2	4	8	128	309
110	-44.44	63.721	17	23	1	4	1	2	4	8	287	541
111	-6.5	71.436	9	14	1	4	1	2	4	8	63	282
112	-51.978	25.409	19	19	1	4	1	2	4	8	185	509
113	-0.739	59.491	20	21	1	4	1	2	4	8	98	338
114	-64.679	83.038	1	6	1	4	1	2	4	8	237	552
115	-11.273	-35.944	18	1	1	4	1	2	4	8	264	553
116	-16.864	7.776	15	22	1	4	1	2	4	8	283	622
117	19.843	-49.805	10	7	1	4	1	2	4	8	267	619
118	-16.284	-2.936	8	14	1	4	1	2	4	8	151	498
119	8.356	67.041	14	7	1	4	1	2	4	8	205	519
120	30.878	24.316	15	25	1	4	1	2	4	8	234	441
121	93.524	-20.233	17	17	1	4	1	2	4	8	226	520
122	-9.332	-56.177	9	10	1	4	1	2	4	8	104	332
123	-34.442	-63.312	13	23	1	4	1	2	4	8	190	484
124	20.941	-5.646	18	22	1	4	1	2	4	8	267	567
125	-3.418	89.594	20	3	1	4	1	2	4	8	287	640
126	-18.738	45.227	8	14	1	4	1	2	4	8	271	503
127	2.435	-30.524	2	14	1	4	1	2	4	8	97	411
128	-28.864	56.616	7	2	1	4	1	2	4	8	172	525
129	76.88	-29.901	6	2	1	4	1	2	4	8	142	362
130	-90.466	10.278	12	21	1	4	1	2	4	8	262	547
131	-35.101	46.545	12	10	1	4	1	2	4	8	63	339
132	-48.395	43.854	25	10	1	4	1	2	4	8	61	245
133	-40.997	26.703	6	5	1	4	1	2	4	8	127	416
134	13.696	34.607	5	9	1	4	1	2	4	8	112	467
135	-71.472	11.45	20	15	1	4	1	2	4	8	170	419
136	-36.23	51.904	2	19	1	4	1	2	4	8	147	457
137	-39.465	4.907	25	7	1	4	1	2	4	8	62	389
138	-16.565	23.773	7	11	1	4	1	2	4	8	282	482
139	10.754	-28.552	6	2	1	4	1	2	4	8	112	451
140	-23.029	47.015	21	25	1	4	1	2	4	8	246	525
141	-8.807	21.216	19	14	1	4	1	2	4	8	218	410
142	-40.039	27.435	22	15	1	4	1	2	4	8	185	440
143	-37.445	-41.04	8	12	1	4	1	2	4	8	263	536
144	48.224	0.085	19	11	1	4	1	2	4	8	209	523
145	-0.323	68.237	6	17	1	4	1	2	4	8	87	341
146	-14.294	-33.423	24	4	1	4	1	2	4	8	288	542
147	-1.44	-34.814	15	24	1	4	1	2	4	8	79	379
148	-34.454	42.346	25	8	1	4	1	2	4	8	88	418
149	8.679	-66.18	6	20	1	4	1	2	4	8	257	527
150	-61.249	-51.367	21	12	1	4	1	2	4	8	97	348
151	-1.093	9.912	4	10	1	4	1	2	4	8	72	264
152	-16.565	66.547	10	12	1	4	1	2	4	8	271	540
153	8.435	52.838	16	9	1	4	1	2	4	8	163	462
154	-22.034	-36.896	12	16	1	4	1	2	4	8	202	482
155	15.765	17.322	13	23	1	4	1	2	4	8	147	434
156	9.003	-18.695	2	15	1	4	1	2	4	8	146	476
157	-4.584	3.491	3	10	1	4	1	2	4	8	136	389
158	8.875	40.662	10	21	1	4	1	2	4	8	201	450
159	26.093	-33.966	18	2	1	4	1	2	4	8	80	334
160	-32.501	39.526	18	16	1	4	1	2	4	8	90	271
161	-32.629	-82.581	11	15	1	4	1	2	4	8	299	526
162	-98.486	22.021	7	11	1	4	1	2	4	8	199	473
163	-59.052	4.163	18	11	1	4	1	2	4	8	192	468
164	7.428	-2.57	15	17	1	4	1	2	4	8	81	305
165	-59.601	12.469	5	3	1	4	1	2	4	8	152	336
166	-11.224	-31.83	20	9	1	4	1	2	4	8	123	475
167	-16.809	-35.04	9	1	1	4	1	2	4	8	86	399
168	21.863	18.14	22	13	1	4	1	2	4	8	187	410
169	45.038	-61.316	13	1	1	4	1	2	4	8	291	529
170	-48.816	25.568	24	2	1	4	1	2	4	8	194	476
171	-32.184	-16.736	4	22	1	4	1	2	4	8	229	562
172	12.439	-41.492	16	10	1	4	1	2	4	8	70	409
173	-21.082	-77.075	16	4	1	4	1	2	4	8	254	554
174	-17.822	-18.518	14	9	1	4	1	2	4	8	180	382
175	48.334	93.518	14	11	1	4	1	2	4	8	139	395
176	-18.677	49.005	25	3	1	4	1	2	4	8	143	403
177	12.14	30.042	23	19	1	4	1	2	4	8	176	489
178	3.113	-40.302	23	19	1	4	1	2	4	8	292	576
179	17.133	37.079	4	4	1	4	1	2	4	8	149	468
180	22.577	0.836	17	19	1	4	1	2	4	8	291	480
181	-30.426	52.942	12	15	1	4	1	2	4	8	258	466
182	33.765	-67.108	11	21	1	4	1	2	4	8	139	455
183	5.414	1.532	24	25	1	4	1	2	4	8	261	515
184	72.156	30.103	22	4	1	4	1	2	4	8	247	530
185	-24.109	-34.625	10	3	1	4	1	2	4	8	201	482
186	17.413	75.146	10	6	1	4	1	2	4	8	280	544
187	10.638	-60.052	10	6	1	4	1	2	4	8	164	491
188	-5.176	-48.999	5	21	1	4	1	2	4	8	176	519
189	-19.342	21.118	13	25	1	4	1	2	4	8	293	496
190	-46.802	-14.661	18	10	1	4	1	2	4	8	158	503
191	-16.779	43.439	25	25	1	4	1	2	4	8	185	475
192	14.093	-13.605	12	19	1	4	1	2	4	8	267	555
193	-21.063	26.019	18	19	1	4	1	2	4	8	70	320
194	39.813	-40.668	9	22	1	4	1	2	4	8	76	355
195	52.057	30.334	23	5	1	4	1	2	4	8	295	494
