9	4	240	4	4
420	180
420	180
420	180
420	180
420	180
420	180
420	180
420	180
420	180
420	180
420	180
420	180
420	180
420	180
420	180
420	180
0	34.43	-17.151	0	0	0	0	0	1000
1	0.269	-8.154	0	0	0	0	0	1000
2	3.14	13.297	0	0	0	0	0	1000
3	-3.113	-29.745	0	0	0	0	0	1000
4	65.991	-49.829	20	10	4	1	15	90	418
5	-36.938	-36.743	20	25	4	1	15	264	579
6	-2.734	18.774	13	18	4	1	15	195	536
7	31.116	-35.907	13	16	4	1	15	136	478
8	2.789	8.008	17	14	4	1	15	100	354
9	31.152	43.665	24	7	4	1	15	89	413
10	-36.304	-21.307	15	9	4	1	15	223	441
11	52.814	35.046	12	16	4	1	15	137	416
12	11.267	20.66	20	24	4	1	15	84	277
13	-0.623	23.114	20	6	4	1	15	216	536
14	43.091	-12.36	3	22	4	1	15	280	493
15	6.854	19.073	8	11	4	1	15	101	457
16	-6.848	25.317	16	19	4	1	15	244	481
17	-27.93	-23.712	20	20	4	1	15	276	490
18	33.24	-30.487	21	20	4	1	15	273	453
19	63.885	-52.881	23	16	4	1	15	158	403
20	-13.672	-43.945	21	5	4	1	15	98	431
21	-0.647	-27.502	3	21	4	1	15	64	254
22	59.406	-49.261	19	19	4	1	15	83	324
23	27.167	-5.713	20	18	4	1	15	231	539
24	70.001	-20.844	7	22	4	1	15	225	427
25	35.327	-65.167	14	19	4	1	15	137	363
26	-14.386	-42.236	24	15	4	1	15	141	378
27	19.366	30.273	3	24	4	1	15	77	287
28	-39.789	10.101	13	20	4	1	15	258	565
29	-15.753	-40.204	1	17	4	1	15	97	423
30	-28.418	-40.503	5	20	4	1	15	198	440
31	27.081	9.735	2	12	4	1	15	134	349
32	22.205	-9.216	9	23	4	1	15	89	372
33	-0.83	-6.525	18	15	4	1	15	87	439
34	10.217	75.531	5	19	4	1	15	82	410
35	7.446	18.5	12	23	4	1	15	61	357
36	48.914	-20.294	11	9	4	1	15	196	426
37	-18.958	-29.675	17	21	4	1	15	218	432
38	16.815	-6.659	21	17	4	1	15	85	402
39	2.509	-30.42	5	6	4	1	15	254	553
40	15.424	4.913	5	10	4	1	15	151	502
41	60.315	89.801	7	9	4	1	15	84	281
42	40.405	-45.367	24	19	4	1	15	222	441
43	-26.837	-54.272	1	17	4	1	15	81	358
44	69.171	72.577	12	22	4	1	15	92	312
45	-22.815	46.173	6	8	4	1	15	284	487
46	-14.258	-30.249	5	25	4	1	15	78	373
47	76.05	12.073	19	13	4	1	15	292	535
48	63.043	60.022	23	1	4	1	15	124	482
49	-20.239	-81.97	8	15	4	1	15	202	420
50	-41.168	-42.023	1	16	4	1	15	167	364
51	79.199	-29.016	20	20	4	1	15	244	524
52	-20.728	-7.068	16	14	4	1	15	293	486
53	-4.163	-53.497	8	2	4	1	15	188	412
54	39.594	-40.46	16	5	4	1	15	277	521
55	-47.125	-77.85	25	16	4	1	15	247	499
56	-1.233	49.182	5	12	4	1	15	168	480
57	-0.372	-27.264	10	1	4	1	15	237	500
58	31.537	-8.722	24	15	4	1	15	293	625
59	-0.134	-20.264	16	5	4	1	15	165	387
60	66.394	-26.691	7	9	4	1	15	195	392
61	6.104	-64.093	14	8	4	1	15	192	496
62	13.544	-20.874	11	2	4	1	15	158	428
63	54.211	-6.537	15	10	4	1	15	269	575
64	22.046	-34.137	23	25	2	2	5	10	260	512
65	-9.723	4.706	5	24	2	2	5	10	280	544
66	-11.584	-46.857	16	7	2	2	5	10	157	425
67	-2.905	-0.305	13	14	2	2	5	10	255	578
68	13.837	-44.452	18	3	2	2	5	10	260	474
69	17.48	27.747	14	23	2	2	5	10	298	485
70	2.972	-43.689	3	21	2	2	5	10	99	419
71	-44.354	-38.202	22	13	2	2	5	10	273	596
72	-59.399	1.514	16	15	2	2	5	10	287	518
73	-13.452	-75.531	16	14	2	2	5	10	86	306
74	-5.518	-51.947	2	7	2	2	5	10	263	551
75	-9.589	-26.88	19	20	2	2	5	10	130	320
76	19.318	29.498	23	6	2	2	5	10	180	494
77	26.245	36.743	6	24	2	2	5	10	96	305
78	43.707	-28.033	11	17	2	2	5	10	276	605
79	-52.026	-35.339	19	3	2	2	5	10	261	572
80	-8.435	-0.116	3	15	2	2	5	10	130	419
81	89.111	62.122	14	6	2	2	5	10	123	473
82	6.067	-16.132	14	21	2	2	5	10	240	446
83	27.094	-5.103	19	25	2	2	5	10	145	374
84	27.527	-15.344	3	18	2	2	5	10	170	447
85	42.511	32.056	18	1	2	2	5	10	294	492
86	25.311	12.689	24	19	2	2	5	10	271	479
87	47.778	-12.769	6	17	2	2	5	10	180	529
88	-3.143	-13.837	1	20	2	2	5	10	241	491
89	12.482	-78.101	3	1	2	2	5	10	223	576
90	-21.039	-3.43	15	13	2	2	5	10	124	369
91	-3.149	-55.432	18	25	2	2	5	10	279	464
92	53.009	84.9	5	16	2	2	5	10	100	384
93	35.638	-47.552	23	5	2	2	5	10	172	520
94	43.427	-18.439	10	18	2	2	5	10	117	473
95	6.598	-54.578	20	17	2	2	5	10	245	448
96	87.952	94.012	11	15	2	2	5	10	288	533
97	39.105	-48.743	16	13	2	2	5	10	152	438
98	-48.34	-26.477	15	15	2	2	5	10	212	511
99	72.003	-9.253	19	2	2	2	5	10	229	430
100	-37.732	3.351	4	1	2	2	5	10	60	241
101	-65.967	-36.749	14	9	2	2	5	10	66	368
102	-16.669	-35.284	23	16	2	2	5	10	156	354
103	10.742	-4.669	11	6	2	2	5	10	77	281
104	15.594	-5.817	21	18	2	2	5	10	207	531
105	21.606	-18.109	14	24	2	2	5	10	182	540
106	9.784	49.28	16	24	2	2	5	10	190	455
107	94.147	-4.492	25	9	2	2	5	10	216	466
108	10.382	-16.302	17	19	2	2	5	10	213	566
109	-1.453	-0.861	16	12	2	2	5	10	262	464
110	-6.219	25.305	13	22	2	2	5	10	164	486
111	-6.25	10.217	23	13	2	2	5	10	223	550
112	-17.444	-70.795	10	20	2	2	5	10	292	547
113	-55.09	-43.854	2	25	2	2	5	10	216	408
114	-9.442	23.724	15	1	2	2	5	10	186	388
115	8.978	35.406	14	24	2	2	5	10	121	421
116	-16.754	-0.812	22	10	2	2	5	10	166	427
117	66.852	-37.842	15	22	2	2	5	10	125	438
118	14.716	-23.724	16	14	2	2	5	10	161	461
119	33.472	20.026	12	12	2	2	5	10	96	441
120	66.394	-70.111	14	23	2	2	5	10	85	308
121	-5.664	8.881	15	14	2	2	5	10	121	360
122	-5.103	-46.729	11	23	2	2	5	10	137	449
123	-8.826	55.743	11	25	2	2	5	10	290	576
124	5.847	-3.186	4	5	1	4	1	2	4	8	259	481
125	-25.726	-37.695	23	7	1	4	1	2	4	8	108	387
126	-15.363	-24.548	13	25	1	4	1	2	4	8	264	546
127	43.793	-11.102	22	11	1	4	1	2	4	8	217	566
128	17.664	-25.604	17	18	1	4	1	2	4	8	143	407
129	-39.624	54.883	2	18	1	4	1	2	4	8	60	377
130	-24.554	-43.225	5	1	1	4	1	2	4	8	121	314
131	-26.892	-12.738	14	7	1	4	1	2	4	8	183	453
132	34.155	-38.458	1	22	1	4	1	2	4	8	211	515
133	-47.314	-29.468	13	7	1	4	1	2	4	8	165	521
134	49.365	-25.592	8	3	1	4	1	2	4	8	295	548
135	3.705	-16.449	24	18	1	4	1	2	4	8	151	336
136	22.43	-23.273	12	8	1	4	1	2	4	8	215	465
137	-37.549	-29.608	23	6	1	4	1	2	4	8	100	409
138	25.549	3.674	1	7	1	4	1	2	4	8	206	464
139	-15.216	3.284	2	20	1	4	1	2	4	8	149	385
140	-12.939	-7.495	8	10	1	4	1	2	4	8	179	485
141	-22.107	26.434	18	2	1	4	1	2	4	8	76	393
142	-17.944	7.733	14	3	1	4	1	2	4	8	109	303
143	-21.234	14.49	23	10	1	4	1	2	4	8	273	605
144	3.503	-19.708	14	5	1	4	1	2	4	8	283	498
145	32.599	-14.935	4	25	1	4	1	2	4	8	298	617
146	-5.737	-28.296	24	23	1	4	1	2	4	8	298	572
147	-6.128	-39.624	9	21	1	4	1	2	4	8	73	324
148	-2.46	12.817	15	13	1	4	1	2	4	8	118	391
149	-6.47	8.466	10	1	1	4	1	2	4	8	263	586
150	-37.891	-36.115	3	11	1	4	1	2	4	8	168	404
151	10.852	-18.75	12	6	1	4	1	2	4	8	180	438
152	50.104	8.636	6	9	1	4	1	2	4	8	181	525
153	46.844	4.712	1	17	1	4	1	2	4	8	80	371
154	19.598	-10.406	24	13	1	4	1	2	4	8	237	474
155	-38.947	52.942	3	23	1	4	1	2	4	8	187	447
156	-0.641	-21.289	4	19	1	4	1	2	4	8	118	412
157	40.906	-33.765	7	11	1	4	1	2	4	8	194	378
158	-0.574	-62.299	21	12	1	4	1	2	4	8	189	470
159	-9.778	26.794	1	18	1	4	1	2	4	8	220	419
160	34.265	-23.895	24	25	1	4	1	2	4	8	158	380
161	29.572	-24.561	5	13	1	4	1	2	4	8	242	587
162	16.376	-58.887	23	24	1	4	1	2	4	8	120	471
163	61.877	-15.167	5	5	1	4	1	2	4	8	197	441
164	40.088	-9.625	17	14	1	4	1	2	4	8	251	554
165	0.122	-4.645	24	18	1	4	1	2	4	8	158	394
166	-8.929	-43.903	23	25	1	4	1	2	4	8	194	529
167	-7.135	-57.434	3	11	1	4	1	2	4	8	142	379
168	7.55	-21.21	5	18	1	4	1	2	4	8	250	507
169	3.949	7.3	22	23	1	4	1	2	4	8	166	383
170	-15.118	92.023	9	22	1	4	1	2	4	8	155	442
171	84.821	-24.518	23	20	1	4	1	2	4	8	98	297
172	-52.325	30.682	15	11	1	4	1	2	4	8	183	414
173	7.538	13.818	15	11	1	4	1	2	4	8	151	389
174	-21.484	30.359	11	19	1	4	1	2	4	8	120	431
175	36.047	29.883	20	13	1	4	1	2	4	8	147	421
176	12.781	-40.942	10	24	1	4	1	2	4	8	134	350
177	-17.291	-10.254	24	6	1	4	1	2	4	8	68	381
178	-10.541	12.402	10	5	1	4	1	2	4	8	271	508
179	-15.845	-59.46	6	24	1	4	1	2	4	8	261	550
180	29.266	-2.222	22	7	1	4	1	2	4	8	220	567
181	-12.598	-58.929	25	13	1	4	1	2	4	8	211	460
182	-17.303	-35.297	11	25	1	4	1	2	4	8	150	330
183	57.05	-50.354	6	15	1	4	1	2	4	8	258	452
184	26.941	17.444	9	15	1	4	1	2	4	8	172	450
185	-6.195	-8.881	6	16	1	4	1	2	4	8	127	377
186	16.98	-16.321	12	5	1	4	1	2	4	8	207	560
187	83.71	-32.52	4	15	1	4	1	2	4	8	81	372
188	12.451	34.589	24	24	1	4	1	2	4	8	204	538
189	15.057	67.004	18	15	1	4	1	2	4	8	261	506
190	25.818	-5.835	3	9	1	4	1	2	4	8	80	396
191	13.666	-14.832	18	19	1	4	1	2	4	8	168	365
192	48.322	-5.164	17	15	1	4	1	2	4	8	63	363
193	13.489	19.739	23	2	1	4	1	2	4	8	95	364
194	-18.512	65.405	10	3	1	4	1	2	4	8	80	266
195	17.554	38.379	22	18	1	4	1	2	4	8	232	518
196	37.775	-16.003	5	20	1	4	1	2	4	8	76	425
197	47.968	-30.31	16	14	1	4	1	2	4	8	207	487
198	38.806	36.243	10	10	1	4	1	2	4	8	133	339
199	-16.089	-42.841	10	6	1	4	1	2	4	8	293	534
200	28.656	-1.99	9	17	1	4	1	2	4	8	136	464
201	-5.859	-1.862	5	20	1	4	1	2	4	8	110	429
202	60.516	63.416	9	3	1	4	1	2	4	8	241	523
203	63.196	-47.766	12	14	1	4	1	2	4	8	115	393
204	-15.308	-23.285	16	12	1	4	1	2	4	8	212	489
205	-2.875	0.787	8	2	1	4	1	2	4	8	260	541
206	32.056	-10.175	1	11	1	4	1	2	4	8	87	319
207	-18.634	-25.665	1	16	1	4	1	2	4	8	179	371
208	-3.632	25.433	18	18	1	4	1	2	4	8	236	451
209	10.48	22.888	22	14	1	4	1	2	4	8	63	272
210	1.819	-3.009	20	6	1	4	1	2	4	8	158	517
211	-25.275	-12.183	4	12	1	4	1	2	4	8	104	457
212	56.927	-75.507	15	21	1	4	1	2	4	8	71	321
213	13.885	-36.23	7	1	1	4	1	2	4	8	72	275
214	32.52	-29.523	25	18	1	4	1	2	4	8	85	294
215	4.803	-7.288	3	17	1	4	1	2	4	8	274	623
216	11.365	-8.344	22	15	1	4	1	2	4	8	297	619
217	17.126	-24.646	5	4	1	4	1	2	4	8	169	475
218	-33.661	-41.241	1	18	1	4	1	2	4	8	191	377
219	-32.391	-50.885	9	22	1	4	1	2	4	8	202	498
220	23.041	-14.496	16	16	1	4	1	2	4	8	203	469
221	-21.857	-39.502	23	14	1	4	1	2	4	8	264	455
222	32.013	77.332	5	25	1	4	1	2	4	8	245	505
223	13.831	-76.19	5	15	1	4	1	2	4	8	97	434
224	-8.051	-21.179	6	6	1	4	1	2	4	8	189	421
225	25.391	46.613	16	7	1	4	1	2	4	8	97	354
226	49.536	-54.639	25	21	1	4	1	2	4	8	238	518
227	63.416	-8.636	1	3	1	4	1	2	4	8	128	416
228	2.301	-5.536	25	15	1	4	1	2	4	8	182	526
229	52.423	29.895	17	24	1	4	1	2	4	8	115	310
230	9.296	-16.254	11	2	1	4	1	2	4	8	270	524
231	34.845	-96.185	24	17	1	4	1	2	4	8	250	598
232	-21.063	-41.498	10	2	1	4	1	2	4	8	292	642
233	28.448	10.242	12	25	1	4	1	2	4	8	259	479
234	16.254	-22.583	17	15	1	4	1	2	4	8	69	331
235	-36.639	-34.033	18	3	1	4	1	2	4	8	128	472
236	-27.356	-50.177	5	1	1	4	1	2	4	8	133	456
237	-53.705	11.334	16	1	1	4	1	2	4	8	294	603
238	26.276	-5.994	9	20	1	4	1	2	4	8	259	584
239	-31.519	34.589	6	19	1	4	1	2	4	8	104	319
240	-14.612	-31.506	1	2	1	4	1	2	4	8	141	401
241	-4.242	-30.865	4	9	1	4	1	2	4	8	221	529
242	-18.524	-29.486	20	4	1	4	1	2	4	8	134	411
243	-17.133	-19.397	19	16	1	4	1	2	4	8	102	392
