9	4	240	4	4
420	180
420	180
420	180
420	180
420	180
420	180
420	180
420	180
420	180
420	180
420	180
420	180
420	180
420	180
420	180
420	180
0	34.43	-17.151	0	0	0	0	0	1000
1	0.269	-8.154	0	0	0	0	0	1000
2	3.14	13.297	0	0	0	0	0	1000
3	-3.113	-29.745	0	0	0	0	0	1000
4	65.991	-49.829	20	10	4	1	15	211	530
5	-36.938	-36.743	20	25	4	1	15	205	555
6	-2.734	18.774	13	18	4	1	15	92	331
7	31.116	-35.907	13	16	4	1	15	210	400
8	2.789	8.008	17	14	4	1	15	295	640
9	31.152	43.665	24	7	4	1	15	157	457
10	-36.304	-21.307	15	9	4	1	15	79	402
11	52.814	35.046	12	16	4	1	15	144	413
12	11.267	20.66	20	24	4	1	15	83	392
13	-0.623	23.114	20	6	4	1	15	195	482
14	43.091	-12.36	3	22	4	1	15	80	321
15	6.854	19.073	8	11	4	1	15	158	431
16	-6.848	25.317	16	19	4	1	15	278	527
17	-27.93	-23.712	20	20	4	1	15	175	491
18	33.24	-30.487	21	20	4	1	15	187	389
19	63.885	-52.881	23	16	4	1	15	216	564
20	-13.672	-43.945	21	5	4	1	15	193	431
21	-0.647	-27.502	3	21	4	1	15	175	451
22	59.406	-49.261	19	19	4	1	15	62	288
23	27.167	-5.713	20	18	4	1	15	216	492
24	70.001	-20.844	7	22	4	1	15	268	587
25	35.327	-65.167	14	19	4	1	15	217	537
26	-14.386	-42.236	24	15	4	1	15	115	328
27	19.366	30.273	3	24	4	1	15	175	432
28	-39.789	10.101	13	20	4	1	15	226	563
29	-15.753	-40.204	1	17	4	1	15	182	423
30	-28.418	-40.503	5	20	4	1	15	251	503
31	27.081	9.735	2	12	4	1	15	132	444
32	22.205	-9.216	9	23	4	1	15	88	279
33	-0.83	-6.525	18	15	4	1	15	190	540
34	10.217	75.531	5	19	4	1	15	267	549
35	7.446	18.5	12	23	4	1	15	267	567
36	48.914	-20.294	11	9	4	1	15	192	533
37	-18.958	-29.675	17	21	4	1	15	224	488
38	16.815	-6.659	21	17	4	1	15	215	569
39	2.509	-30.42	5	6	4	1	15	277	632
40	15.424	4.913	5	10	4	1	15	226	438
41	60.315	89.801	7	9	4	1	15	200	477
42	40.405	-45.367	24	19	4	1	15	265	516
43	-26.837	-54.272	1	17	4	1	15	147	462
44	69.171	72.577	12	22	4	1	15	151	429
45	-22.815	46.173	6	8	4	1	15	255	543
46	-14.258	-30.249	5	25	4	1	15	285	529
47	76.05	12.073	19	13	4	1	15	182	484
48	63.043	60.022	23	1	4	1	15	128	372
49	-20.239	-81.97	8	15	4	1	15	280	505
50	-41.168	-42.023	1	16	4	1	15	122	428
51	79.199	-29.016	20	20	4	1	15	288	566
52	-20.728	-7.068	16	14	4	1	15	186	545
53	-4.163	-53.497	8	2	4	1	15	141	329
54	39.594	-40.46	16	5	4	1	15	86	371
55	-47.125	-77.85	25	16	4	1	15	180	403
56	-1.233	49.182	5	12	4	1	15	87	364
57	-0.372	-27.264	10	1	4	1	15	120	406
58	31.537	-8.722	24	15	4	1	15	210	537
59	-0.134	-20.264	16	5	4	1	15	279	469
60	66.394	-26.691	7	9	4	1	15	132	455
61	6.104	-64.093	14	8	4	1	15	111	308
62	13.544	-20.874	11	2	4	1	15	191	484
63	54.211	-6.537	15	10	4	1	15	183	433
64	22.046	-34.137	23	25	2	2	5	10	252	562
65	-9.723	4.706	5	24	2	2	5	10	240	461
66	-11.584	-46.857	16	7	2	2	5	10	272	583
67	-2.905	-0.305	13	14	2	2	5	10	226	554
68	13.837	-44.452	18	3	2	2	5	10	267	490
69	17.48	27.747	14	23	2	2	5	10	247	500
70	2.972	-43.689	3	21	2	2	5	10	164	492
71	-44.354	-38.202	22	13	2	2	5	10	126	406
72	-59.399	1.514	16	15	2	2	5	10	120	366
73	-13.452	-75.531	16	14	2	2	5	10	279	532
74	-5.518	-51.947	2	7	2	2	5	10	108	370
75	-9.589	-26.88	19	20	2	2	5	10	247	475
76	19.318	29.498	23	6	2	2	5	10	78	398
77	26.245	36.743	6	24	2	2	5	10	216	466
78	43.707	-28.033	11	17	2	2	5	10	215	436
79	-52.026	-35.339	19	3	2	2	5	10	182	409
80	-8.435	-0.116	3	15	2	2	5	10	185	496
81	89.111	62.122	14	6	2	2	5	10	163	393
82	6.067	-16.132	14	21	2	2	5	10	269	526
83	27.094	-5.103	19	25	2	2	5	10	200	397
84	27.527	-15.344	3	18	2	2	5	10	158	399
85	42.511	32.056	18	1	2	2	5	10	196	474
86	25.311	12.689	24	19	2	2	5	10	208	388
87	47.778	-12.769	6	17	2	2	5	10	248	514
88	-3.143	-13.837	1	20	2	2	5	10	227	456
89	12.482	-78.101	3	1	2	2	5	10	76	312
90	-21.039	-3.43	15	13	2	2	5	10	106	444
91	-3.149	-55.432	18	25	2	2	5	10	135	432
92	53.009	84.9	5	16	2	2	5	10	249	564
93	35.638	-47.552	23	5	2	2	5	10	131	470
94	43.427	-18.439	10	18	2	2	5	10	113	431
95	6.598	-54.578	20	17	2	2	5	10	158	342
96	87.952	94.012	11	15	2	2	5	10	245	428
97	39.105	-48.743	16	13	2	2	5	10	192	487
98	-48.34	-26.477	15	15	2	2	5	10	138	352
99	72.003	-9.253	19	2	2	2	5	10	263	498
100	-37.732	3.351	4	1	2	2	5	10	177	373
101	-65.967	-36.749	14	9	2	2	5	10	176	406
102	-16.669	-35.284	23	16	2	2	5	10	212	394
103	10.742	-4.669	11	6	2	2	5	10	132	476
104	15.594	-5.817	21	18	2	2	5	10	183	533
105	21.606	-18.109	14	24	2	2	5	10	160	424
106	9.784	49.28	16	24	2	2	5	10	106	336
107	94.147	-4.492	25	9	2	2	5	10	204	532
108	10.382	-16.302	17	19	2	2	5	10	297	488
109	-1.453	-0.861	16	12	2	2	5	10	189	520
110	-6.219	25.305	13	22	2	2	5	10	114	374
111	-6.25	10.217	23	13	2	2	5	10	263	578
112	-17.444	-70.795	10	20	2	2	5	10	143	384
113	-55.09	-43.854	2	25	2	2	5	10	282	535
114	-9.442	23.724	15	1	2	2	5	10	137	494
115	8.978	35.406	14	24	2	2	5	10	160	473
116	-16.754	-0.812	22	10	2	2	5	10	271	520
117	66.852	-37.842	15	22	2	2	5	10	183	415
118	14.716	-23.724	16	14	2	2	5	10	162	408
119	33.472	20.026	12	12	2	2	5	10	255	453
120	66.394	-70.111	14	23	2	2	5	10	114	327
121	-5.664	8.881	15	14	2	2	5	10	274	613
122	-5.103	-46.729	11	23	2	2	5	10	241	497
123	-8.826	55.743	11	25	2	2	5	10	163	476
124	5.847	-3.186	4	5	1	4	1	2	4	8	228	435
125	-25.726	-37.695	23	7	1	4	1	2	4	8	295	537
126	-15.363	-24.548	13	25	1	4	1	2	4	8	201	391
127	43.793	-11.102	22	11	1	4	1	2	4	8	102	437
128	17.664	-25.604	17	18	1	4	1	2	4	8	182	457
129	-39.624	54.883	2	18	1	4	1	2	4	8	202	472
130	-24.554	-43.225	5	1	1	4	1	2	4	8	275	523
131	-26.892	-12.738	14	7	1	4	1	2	4	8	288	473
132	34.155	-38.458	1	22	1	4	1	2	4	8	262	480
133	-47.314	-29.468	13	7	1	4	1	2	4	8	272	468
134	49.365	-25.592	8	3	1	4	1	2	4	8	274	481
135	3.705	-16.449	24	18	1	4	1	2	4	8	68	362
136	22.43	-23.273	12	8	1	4	1	2	4	8	260	597
137	-37.549	-29.608	23	6	1	4	1	2	4	8	211	465
138	25.549	3.674	1	7	1	4	1	2	4	8	157	458
139	-15.216	3.284	2	20	1	4	1	2	4	8	137	444
140	-12.939	-7.495	8	10	1	4	1	2	4	8	158	436
141	-22.107	26.434	18	2	1	4	1	2	4	8	166	407
142	-17.944	7.733	14	3	1	4	1	2	4	8	106	465
143	-21.234	14.49	23	10	1	4	1	2	4	8	170	371
144	3.503	-19.708	14	5	1	4	1	2	4	8	298	572
145	32.599	-14.935	4	25	1	4	1	2	4	8	254	559
146	-5.737	-28.296	24	23	1	4	1	2	4	8	75	351
147	-6.128	-39.624	9	21	1	4	1	2	4	8	257	463
148	-2.46	12.817	15	13	1	4	1	2	4	8	84	381
149	-6.47	8.466	10	1	1	4	1	2	4	8	64	250
150	-37.891	-36.115	3	11	1	4	1	2	4	8	279	468
151	10.852	-18.75	12	6	1	4	1	2	4	8	154	415
152	50.104	8.636	6	9	1	4	1	2	4	8	253	611
153	46.844	4.712	1	17	1	4	1	2	4	8	60	374
154	19.598	-10.406	24	13	1	4	1	2	4	8	214	572
155	-38.947	52.942	3	23	1	4	1	2	4	8	183	429
156	-0.641	-21.289	4	19	1	4	1	2	4	8	78	417
157	40.906	-33.765	7	11	1	4	1	2	4	8	294	582
158	-0.574	-62.299	21	12	1	4	1	2	4	8	277	500
159	-9.778	26.794	1	18	1	4	1	2	4	8	178	470
160	34.265	-23.895	24	25	1	4	1	2	4	8	299	541
161	29.572	-24.561	5	13	1	4	1	2	4	8	69	360
162	16.376	-58.887	23	24	1	4	1	2	4	8	250	469
163	61.877	-15.167	5	5	1	4	1	2	4	8	90	343
164	40.088	-9.625	17	14	1	4	1	2	4	8	263	600
165	0.122	-4.645	24	18	1	4	1	2	4	8	198	438
166	-8.929	-43.903	23	25	1	4	1	2	4	8	141	384
167	-7.135	-57.434	3	11	1	4	1	2	4	8	69	397
168	7.55	-21.21	5	18	1	4	1	2	4	8	78	367
169	3.949	7.3	22	23	1	4	1	2	4	8	199	457
170	-15.118	92.023	9	22	1	4	1	2	4	8	281	629
171	84.821	-24.518	23	20	1	4	1	2	4	8	287	594
172	-52.325	30.682	15	11	1	4	1	2	4	8	91	429
173	7.538	13.818	15	11	1	4	1	2	4	8	260	577
174	-21.484	30.359	11	19	1	4	1	2	4	8	194	441
175	36.047	29.883	20	13	1	4	1	2	4	8	248	578
176	12.781	-40.942	10	24	1	4	1	2	4	8	106	306
177	-17.291	-10.254	24	6	1	4	1	2	4	8	295	606
178	-10.541	12.402	10	5	1	4	1	2	4	8	70	388
179	-15.845	-59.46	6	24	1	4	1	2	4	8	222	487
180	29.266	-2.222	22	7	1	4	1	2	4	8	239	446
181	-12.598	-58.929	25	13	1	4	1	2	4	8	161	347
182	-17.303	-35.297	11	25	1	4	1	2	4	8	294	639
183	57.05	-50.354	6	15	1	4	1	2	4	8	261	509
184	26.941	17.444	9	15	1	4	1	2	4	8	70	411
185	-6.195	-8.881	6	16	1	4	1	2	4	8	101	434
186	16.98	-16.321	12	5	1	4	1	2	4	8	222	518
187	83.71	-32.52	4	15	1	4	1	2	4	8	133	325
188	12.451	34.589	24	24	1	4	1	2	4	8	172	414
189	15.057	67.004	18	15	1	4	1	2	4	8	181	413
190	25.818	-5.835	3	9	1	4	1	2	4	8	286	566
191	13.666	-14.832	18	19	1	4	1	2	4	8	192	468
192	48.322	-5.164	17	15	1	4	1	2	4	8	232	420
193	13.489	19.739	23	2	1	4	1	2	4	8	189	427
194	-18.512	65.405	10	3	1	4	1	2	4	8	232	437
195	17.554	38.379	22	18	1	4	1	2	4	8	60	303
196	37.775	-16.003	5	20	1	4	1	2	4	8	281	614
197	47.968	-30.31	16	14	1	4	1	2	4	8	215	400
198	38.806	36.243	10	10	1	4	1	2	4	8	207	427
199	-16.089	-42.841	10	6	1	4	1	2	4	8	150	344
200	28.656	-1.99	9	17	1	4	1	2	4	8	201	400
201	-5.859	-1.862	5	20	1	4	1	2	4	8	250	470
202	60.516	63.416	9	3	1	4	1	2	4	8	134	470
203	63.196	-47.766	12	14	1	4	1	2	4	8	293	493
204	-15.308	-23.285	16	12	1	4	1	2	4	8	168	383
205	-2.875	0.787	8	2	1	4	1	2	4	8	223	492
206	32.056	-10.175	1	11	1	4	1	2	4	8	260	542
207	-18.634	-25.665	1	16	1	4	1	2	4	8	240	577
208	-3.632	25.433	18	18	1	4	1	2	4	8	103	363
209	10.48	22.888	22	14	1	4	1	2	4	8	262	542
210	1.819	-3.009	20	6	1	4	1	2	4	8	231	566
211	-25.275	-12.183	4	12	1	4	1	2	4	8	144	394
212	56.927	-75.507	15	21	1	4	1	2	4	8	296	551
213	13.885	-36.23	7	1	1	4	1	2	4	8	195	383
214	32.52	-29.523	25	18	1	4	1	2	4	8	60	300
215	4.803	-7.288	3	17	1	4	1	2	4	8	290	513
216	11.365	-8.344	22	15	1	4	1	2	4	8	72	361
217	17.126	-24.646	5	4	1	4	1	2	4	8	224	517
218	-33.661	-41.241	1	18	1	4	1	2	4	8	105	453
219	-32.391	-50.885	9	22	1	4	1	2	4	8	74	411
220	23.041	-14.496	16	16	1	4	1	2	4	8	280	538
221	-21.857	-39.502	23	14	1	4	1	2	4	8	127	403
222	32.013	77.332	5	25	1	4	1	2	4	8	291	606
223	13.831	-76.19	5	15	1	4	1	2	4	8	68	307
224	-8.051	-21.179	6	6	1	4	1	2	4	8	217	525
225	25.391	46.613	16	7	1	4	1	2	4	8	119	376
226	49.536	-54.639	25	21	1	4	1	2	4	8	269	461
227	63.416	-8.636	1	3	1	4	1	2	4	8	226	456
228	2.301	-5.536	25	15	1	4	1	2	4	8	298	552
229	52.423	29.895	17	24	1	4	1	2	4	8	227	528
230	9.296	-16.254	11	2	1	4	1	2	4	8	266	607
231	34.845	-96.185	24	17	1	4	1	2	4	8	206	476
232	-21.063	-41.498	10	2	1	4	1	2	4	8	117	447
233	28.448	10.242	12	25	1	4	1	2	4	8	132	489
234	16.254	-22.583	17	15	1	4	1	2	4	8	216	536
235	-36.639	-34.033	18	3	1	4	1	2	4	8	154	461
236	-27.356	-50.177	5	1	1	4	1	2	4	8	99	307
237	-53.705	11.334	16	1	1	4	1	2	4	8	166	420
238	26.276	-5.994	9	20	1	4	1	2	4	8	68	259
239	-31.519	34.589	6	19	1	4	1	2	4	8	251	560
240	-14.612	-31.506	1	2	1	4	1	2	4	8	225	467
241	-4.242	-30.865	4	9	1	4	1	2	4	8	134	451
242	-18.524	-29.486	20	4	1	4	1	2	4	8	66	334
243	-17.133	-19.397	19	16	1	4	1	2	4	8	232	421
