9	5	288	4	4
400	175
400	175
400	175
400	175
400	175
400	175
400	175
400	175
400	175
400	175
400	175
400	175
400	175
400	175
400	175
400	175
0	2.277	7.84	0	0	0	0	0	1000
1	32.883	-1.779	0	0	0	0	0	1000
2	-49.554	-17.828	0	0	0	0	0	1000
3	3.69	-26.099	0	0	0	0	0	1000
4	-66.174	-37.811	13	19	4	1	15	91	394
5	2.673	-35.223	16	21	4	1	15	226	479
6	38.751	8.618	1	17	4	1	15	246	519
7	62.653	20.667	9	6	4	1	15	166	484
8	60.974	-6.11	20	6	4	1	15	270	625
9	-98.535	-39.532	2	19	4	1	15	114	451
10	8.411	-81.274	5	17	4	1	15	65	417
11	-14.569	26.056	10	19	4	1	15	84	335
12	-34.186	-76.697	10	2	4	1	15	157	393
13	55.145	-33.911	25	3	4	1	15	263	565
14	15.869	8.716	2	24	4	1	15	261	582
15	-63.416	-20.282	5	5	4	1	15	189	471
16	-9.357	-42.212	16	9	4	1	15	262	443
17	-53.619	3.729	24	20	4	1	15	244	568
18	53.491	-3.308	7	19	4	1	15	253	449
19	-22.614	-32.794	19	20	4	1	15	116	375
20	39.612	-1.55	15	4	4	1	15	221	559
21	16.705	-22.748	7	3	4	1	15	274	456
22	-51.245	-13.757	16	2	4	1	15	87	361
23	-29.907	14.38	20	23	4	1	15	159	496
24	-70.441	-27.911	21	6	4	1	15	226	481
25	-75.385	-30.811	7	17	4	1	15	94	366
26	10.59	-28.931	17	17	4	1	15	288	490
27	86.34	-45.935	11	3	4	1	15	133	354
28	3.864	34.583	6	16	4	1	15	271	511
29	-37.598	-42.114	4	15	4	1	15	213	563
30	69.44	1.379	16	23	4	1	15	252	532
31	-13.818	1.245	8	15	4	1	15	118	405
32	-27.124	-38.037	13	12	4	1	15	76	343
33	-69.348	-14.734	25	19	4	1	15	240	564
34	58.575	29.346	16	23	4	1	15	199	513
35	58.105	31.702	2	10	4	1	15	222	464
36	-62.25	-16.425	12	23	4	1	15	197	402
37	-66.382	13.586	12	22	4	1	15	69	274
38	68.03	-12.482	14	4	4	1	15	220	546
39	-30.701	-41.681	16	5	4	1	15	71	269
40	-55.389	-51.05	9	1	4	1	15	211	513
41	36.237	-2.655	16	11	4	1	15	74	393
42	-1.215	5.591	2	20	4	1	15	255	517
43	10.278	-23.95	21	25	4	1	15	183	369
44	-7.159	36.859	7	18	4	1	15	242	534
45	-90.204	61.169	3	4	4	1	15	72	384
46	46.368	65.082	5	10	4	1	15	278	581
47	13.348	31.372	12	17	4	1	15	201	487
48	-73.566	-28.839	9	7	4	1	15	288	476
49	-41.528	-37.097	11	4	4	1	15	178	395
50	-60.938	-27.246	17	3	4	1	15	215	558
51	38.312	54.376	10	12	4	1	15	213	492
52	26.306	11.975	5	13	4	1	15	248	497
53	10.297	-48.346	3	24	4	1	15	187	501
54	52.417	-28.363	1	16	4	1	15	69	325
55	-43.756	-39.343	3	2	4	1	15	116	382
56	49.316	11.395	5	7	4	1	15	149	433
57	45.593	4.346	25	15	4	1	15	132	481
58	-25.989	-15.814	14	12	4	1	15	257	487
59	65.253	-59.631	4	15	4	1	15	162	441
60	12.109	-34.387	14	17	4	1	15	111	407
61	12.39	-16.254	20	16	4	1	15	82	337
62	0.525	69.611	5	1	4	1	15	239	508
63	-8.679	7.77	22	9	4	1	15	261	577
64	41.467	-35.016	17	4	4	1	15	276	559
65	11.859	-34.973	19	3	4	1	15	163	384
66	-1.306	-58.063	9	1	4	1	15	229	530
67	6.024	-31.018	16	4	4	1	15	222	485
68	1.788	-32.544	19	6	4	1	15	231	525
69	29.272	-6.494	11	1	4	1	15	298	589
70	23.95	10.742	6	19	4	1	15	248	603
71	-65.887	40.912	23	1	4	1	15	204	452
72	-10.095	26.257	24	2	4	1	15	77	263
73	58.093	67.352	21	25	4	1	15	160	366
74	90.015	9.485	16	4	4	1	15	97	362
75	-6.622	15.216	15	4	4	1	15	173	508
76	-2.875	-42.841	23	13	2	2	5	10	275	629
77	-37.714	-7.306	22	18	2	2	5	10	299	517
78	44.171	-11.224	21	9	2	2	5	10	264	606
79	-58.704	-2.808	21	5	2	2	5	10	291	585
80	-3.912	10.071	21	12	2	2	5	10	255	440
81	-41.37	-1.495	7	22	2	2	5	10	115	463
82	58.179	27.563	15	9	2	2	5	10	160	472
83	-63.861	26.147	15	11	2	2	5	10	77	408
84	-56.793	-15.918	16	6	2	2	5	10	117	298
85	22.217	-27.509	13	19	2	2	5	10	123	377
86	-1.031	-14.838	22	10	2	2	5	10	166	468
87	-57.703	-10.48	1	1	2	2	5	10	174	447
88	80.847	6.299	22	10	2	2	5	10	144	335
89	2.887	10.822	24	20	2	2	5	10	103	351
90	-37.39	-7.8	6	18	2	2	5	10	292	569
91	-33.6	-26.74	5	1	2	2	5	10	248	499
92	95.197	24.231	14	11	2	2	5	10	281	506
93	-13.904	29.327	19	20	2	2	5	10	110	323
94	-53.461	9.296	16	12	2	2	5	10	239	495
95	67.578	13.007	20	17	2	2	5	10	219	419
96	-83.881	-53.265	12	16	2	2	5	10	71	334
97	30.255	-72.43	7	3	2	2	5	10	244	461
98	-22.333	-20.538	23	14	2	2	5	10	160	409
99	3.741	-35.461	9	12	2	2	5	10	259	580
100	-20.093	-43.982	19	9	2	2	5	10	232	538
101	-47.687	-21.1	17	1	2	2	5	10	155	444
102	-20.447	-13.849	1	7	2	2	5	10	183	427
103	34.515	3.967	25	7	2	2	5	10	279	631
104	20.514	-11.884	12	5	2	2	5	10	132	448
105	-46.039	-22.565	15	9	2	2	5	10	198	458
106	-39.63	25.385	16	15	2	2	5	10	149	429
107	-1.025	50.433	10	4	2	2	5	10	114	459
108	-28.632	23.486	24	10	2	2	5	10	268	492
109	-52.997	-16.248	24	21	2	2	5	10	156	379
110	-3.345	-22.955	18	2	2	2	5	10	281	492
111	-62.64	-26.349	21	6	2	2	5	10	144	400
112	25.403	0.531	21	1	2	2	5	10	160	346
113	-29.895	72.919	17	23	2	2	5	10	94	418
114	26.63	1.971	7	24	2	2	5	10	135	405
115	-9.814	35.004	14	16	2	2	5	10	219	530
116	-7.758	-42.426	8	18	2	2	5	10	290	474
117	28.918	-7.117	2	1	2	2	5	10	223	497
118	47.693	36.108	18	1	2	2	5	10	172	426
119	-53.168	5.206	10	21	2	2	5	10	226	422
120	17.56	13.214	17	8	2	2	5	10	176	414
121	6.836	-2.496	20	22	2	2	5	10	256	440
122	-17.322	97.26	9	23	2	2	5	10	171	387
123	22.406	26.532	25	11	2	2	5	10	149	427
124	-73.09	-13.251	6	15	2	2	5	10	250	574
125	-64.996	-4.578	16	14	2	2	5	10	169	373
126	-34.906	-43.903	11	16	2	2	5	10	258	589
127	-92.346	-4.517	9	25	2	2	5	10	97	301
128	0.647	-8.496	9	12	2	2	5	10	115	471
129	5.048	-37.323	18	9	2	2	5	10	219	453
130	-19.08	-14.178	10	20	2	2	5	10	221	502
131	-71.704	-11.45	11	22	2	2	5	10	62	326
132	-45.581	-28.717	14	13	2	2	5	10	122	366
133	-28.351	-23.914	15	24	2	2	5	10	203	446
134	-16.486	30.92	19	13	2	2	5	10	237	567
135	-83.423	-20.935	25	4	2	2	5	10	132	434
136	-12.054	-20.612	10	22	2	2	5	10	282	471
137	-7.184	-63.721	11	18	2	2	5	10	137	427
138	34.546	-8.881	11	25	2	2	5	10	129	445
139	-4.865	73.694	25	19	2	2	5	10	186	499
140	-36.005	-3.876	14	8	2	2	5	10	111	444
141	-28.4	-21.82	20	13	2	2	5	10	175	436
142	-56.281	-15.112	7	1	2	2	5	10	272	584
143	-11.017	42.151	1	1	2	2	5	10	283	494
144	-63.092	-62.573	15	5	2	2	5	10	118	414
145	29.486	79.944	2	2	2	2	5	10	270	474
146	-65.674	-0.238	7	22	2	2	5	10	69	363
147	46.13	-20.416	21	3	2	2	5	10	67	269
148	1.575	-16.364	19	2	1	4	1	2	4	8	147	362
149	40.277	-1.379	17	6	1	4	1	2	4	8	269	465
150	-15.271	42.249	23	19	1	4	1	2	4	8	238	459
151	33.215	-16.614	17	5	1	4	1	2	4	8	288	612
152	-72.388	13.074	20	25	1	4	1	2	4	8	91	329
153	-24.487	5.273	11	9	1	4	1	2	4	8	237	520
154	-6.598	-30.957	1	20	1	4	1	2	4	8	272	465
155	31.287	21.332	11	11	1	4	1	2	4	8	226	459
156	20.557	0.378	15	18	1	4	1	2	4	8	90	348
157	-67.2	-41.339	3	25	1	4	1	2	4	8	252	547
158	22.168	-40.375	21	22	1	4	1	2	4	8	177	489
159	31.165	2.222	5	25	1	4	1	2	4	8	120	444
160	74.634	30.219	11	14	1	4	1	2	4	8	226	489
161	60.699	81.116	6	21	1	4	1	2	4	8	186	469
162	-60.736	24.133	17	1	1	4	1	2	4	8	280	528
163	1.978	17.517	20	9	1	4	1	2	4	8	203	415
164	-80.566	-38.196	10	2	1	4	1	2	4	8	181	383
165	-49.927	-36.713	24	2	1	4	1	2	4	8	164	453
166	-60.449	-27.82	6	4	1	4	1	2	4	8	265	584
167	-78.748	-44.226	18	15	1	4	1	2	4	8	197	538
168	54.26	-9.259	15	11	1	4	1	2	4	8	74	366
169	-42.059	-26.636	6	15	1	4	1	2	4	8	282	478
170	-57.336	-16.718	10	15	1	4	1	2	4	8	116	409
171	-1.276	-13.33	7	16	1	4	1	2	4	8	207	451
172	-24.158	39.197	24	14	1	4	1	2	4	8	296	599
173	17.908	-40.442	3	25	1	4	1	2	4	8	289	645
174	59.833	-3.674	22	9	1	4	1	2	4	8	61	300
175	-3.51	6.256	1	23	1	4	1	2	4	8	155	447
176	40.167	8.594	4	16	1	4	1	2	4	8	125	476
177	-1.691	-54.376	12	10	1	4	1	2	4	8	201	515
178	-36.035	-17.065	14	4	1	4	1	2	4	8	250	440
179	7.275	-4.144	17	25	1	4	1	2	4	8	132	391
180	30.219	-6.83	20	20	1	4	1	2	4	8	150	475
181	-26.379	-63.055	19	5	1	4	1	2	4	8	164	454
182	28.772	-0.031	18	19	1	4	1	2	4	8	160	385
183	2.625	5.072	22	2	1	4	1	2	4	8	254	567
184	3.595	-21.6	14	13	1	4	1	2	4	8	96	370
185	-64.948	-10.956	14	19	1	4	1	2	4	8	293	511
186	18.671	-41.01	20	2	1	4	1	2	4	8	133	395
187	29.291	12.799	16	16	1	4	1	2	4	8	238	494
188	4.529	26.654	25	2	1	4	1	2	4	8	231	557
189	25.36	29.718	12	6	1	4	1	2	4	8	230	517
190	57.349	-15.405	1	3	1	4	1	2	4	8	241	528
191	-11.566	-19.012	11	20	1	4	1	2	4	8	151	436
192	-45.441	-71.808	18	13	1	4	1	2	4	8	98	410
193	2.197	-3.564	8	9	1	4	1	2	4	8	120	408
194	-1.855	-24.475	8	5	1	4	1	2	4	8	85	358
195	-59.851	-48.938	1	15	1	4	1	2	4	8	169	363
196	70.081	-17.816	23	22	1	4	1	2	4	8	91	274
197	-4.932	28.754	19	18	1	4	1	2	4	8	119	414
198	-46.625	-23.529	18	21	1	4	1	2	4	8	239	425
199	-49.872	-35.339	16	16	1	4	1	2	4	8	68	330
200	-67.499	8.142	7	22	1	4	1	2	4	8	133	436
201	31.195	-18.243	13	23	1	4	1	2	4	8	101	428
202	-42.139	-52.704	5	1	1	4	1	2	4	8	67	287
203	-15.094	18.933	3	1	1	4	1	2	4	8	119	356
204	-78.625	-24.341	22	13	1	4	1	2	4	8	232	436
205	51.471	-9.607	21	14	1	4	1	2	4	8	69	330
206	29.987	-31.061	18	18	1	4	1	2	4	8	71	287
207	46.741	1.453	14	5	1	4	1	2	4	8	282	639
208	-52.954	31.738	19	24	1	4	1	2	4	8	297	572
209	10.535	-61.432	18	11	1	4	1	2	4	8	283	634
210	-15.948	-56.012	12	5	1	4	1	2	4	8	126	343
211	-7.776	-54.73	21	1	1	4	1	2	4	8	82	368
212	11.047	-20.905	15	21	1	4	1	2	4	8	157	448
213	-24.359	-23.047	8	6	1	4	1	2	4	8	170	366
214	2.948	-20.398	5	6	1	4	1	2	4	8	90	286
215	-82.654	24.323	3	5	1	4	1	2	4	8	139	411
216	-12.134	42.065	2	23	1	4	1	2	4	8	275	613
217	-98.035	-36.359	5	16	1	4	1	2	4	8	72	367
218	-61.102	-13.477	3	18	1	4	1	2	4	8	133	341
219	-39.136	6.287	12	10	1	4	1	2	4	8	64	284
220	41.18	7.971	4	9	1	4	1	2	4	8	265	456
221	4.254	19.83	23	18	1	4	1	2	4	8	95	341
222	-34.143	-37.915	8	22	1	4	1	2	4	8	93	347
223	-4.559	23.566	7	24	1	4	1	2	4	8	176	439
224	37.891	-1.947	10	15	1	4	1	2	4	8	268	474
225	78.259	15.936	18	6	1	4	1	2	4	8	120	380
226	-8.661	-25.11	4	12	1	4	1	2	4	8	225	433
227	10.071	37.164	9	19	1	4	1	2	4	8	291	619
228	-42.621	-46.985	19	19	1	4	1	2	4	8	132	414
229	92.157	-94.183	5	17	1	4	1	2	4	8	271	487
230	32.202	-39.844	19	22	1	4	1	2	4	8	253	609
231	-55.231	-15.027	7	25	1	4	1	2	4	8	180	488
232	-26.746	-21.49	22	11	1	4	1	2	4	8	244	594
233	-75.513	-0.708	2	23	1	4	1	2	4	8	141	364
234	34.021	12.665	7	10	1	4	1	2	4	8	61	258
235	-2.643	-20.831	4	17	1	4	1	2	4	8	220	517
236	53.369	13.77	11	6	1	4	1	2	4	8	170	368
237	-14.948	-40.259	12	20	1	4	1	2	4	8	167	526
238	67.828	5.75	2	6	1	4	1	2	4	8	125	320
239	-13.22	-26.031	13	4	1	4	1	2	4	8	111	469
240	4.169	-32.617	22	25	1	4	1	2	4	8	149	414
241	-26.05	-33.313	6	7	1	4	1	2	4	8	75	358
242	31.964	-45.703	11	11	1	4	1	2	4	8	227	408
243	96.82	26.208	22	14	1	4	1	2	4	8	188	544
244	-44.696	-37.854	9	14	1	4	1	2	4	8	152	495
245	33.417	11.792	21	15	1	4	1	2	4	8	188	375
246	-35.187	19.226	8	2	1	4	1	2	4	8	61	396
247	-14.233	-74.988	4	14	1	4	1	2	4	8	76	295
248	37.158	-0.836	19	17	1	4	1	2	4	8	115	447
249	-51.697	-26.447	20	24	1	4	1	2	4	8	60	248
250	23.535	5.896	22	10	1	4	1	2	4	8	290	554
251	-18.433	53.711	10	20	1	4	1	2	4	8	185	450
252	-11.34	-17.621	20	11	1	4	1	2	4	8	141	473
253	-7.812	-35.895	10	16	1	4	1	2	4	8	199	531
254	3.522	26.941	23	3	1	4	1	2	4	8	216	517
255	-46.588	-22.266	5	11	1	4	1	2	4	8	299	641
256	-2.997	-0.549	25	10	1	4	1	2	4	8	191	464
257	32.147	17.151	7	18	1	4	1	2	4	8	163	465
258	32.019	13.007	16	20	1	4	1	2	4	8	208	563
259	-6.628	29.889	15	24	1	4	1	2	4	8	298	583
260	77.777	-25.397	9	16	1	4	1	2	4	8	225	547
261	30.707	65.704	19	2	1	4	1	2	4	8	221	498
262	-43.811	-43.036	11	14	1	4	1	2	4	8	279	546
263	49.561	16.827	19	10	1	4	1	2	4	8	127	400
264	-28.931	-0.439	10	22	1	4	1	2	4	8	74	365
265	40.363	16.382	20	14	1	4	1	2	4	8	109	344
266	22.748	40.674	17	15	1	4	1	2	4	8	296	529
267	-1.471	6.567	22	7	1	4	1	2	4	8	209	551
268	-1.19	16.864	24	20	1	4	1	2	4	8	242	599
269	8.032	41.821	5	1	1	4	1	2	4	8	156	381
270	-44.019	-22.784	5	24	1	4	1	2	4	8	167	387
271	12.366	-11.353	17	22	1	4	1	2	4	8	164	499
272	33.276	15.881	7	23	1	4	1	2	4	8	278	522
273	-34.79	-15.045	25	20	1	4	1	2	4	8	212	560
274	-96.857	-19.391	12	15	1	4	1	2	4	8	239	577
275	38.434	-5.353	11	14	1	4	1	2	4	8	119	393
276	-25.391	0.22	6	12	1	4	1	2	4	8	234	494
277	0.848	-31.86	13	4	1	4	1	2	4	8	241	504
278	-24.023	95.691	23	15	1	4	1	2	4	8	226	439
279	-4.272	35.468	15	12	1	4	1	2	4	8	81	342
280	-6.927	1.855	13	8	1	4	1	2	4	8	182	432
281	-70.953	-3.217	10	2	1	4	1	2	4	8	144	347
282	-32.648	-16.522	24	24	1	4	1	2	4	8	263	479
283	42.859	-21.68	13	5	1	4	1	2	4	8	238	503
284	5.182	6.403	12	8	1	4	1	2	4	8	171	406
285	36.92	-4.987	21	21	1	4	1	2	4	8	295	548
286	49.591	27.783	10	5	1	4	1	2	4	8	252	499
287	45.038	10.785	12	16	1	4	1	2	4	8	264	603
288	7.69	14.056	9	8	1	4	1	2	4	8	164	377
289	-60.907	18.64	5	24	1	4	1	2	4	8	105	351
290	-64.496	8.923	18	23	1	4	1	2	4	8	142	347
291	37.158	-14.99	24	6	1	4	1	2	4	8	280	464
