9	1	72	6	6
500	200
500	200
500	200
500	200
500	200
500	200
500	200
500	200
500	200
500	200
500	200
500	200
500	200
500	200
500	200
500	200
500	200
500	200
500	200
500	200
500	200
500	200
500	200
500	200
500	200
500	200
500	200
500	200
500	200
500	200
500	200
500	200
500	200
500	200
500	200
500	200
0	42.395	-8.344	0	0	0	0	0	1000
1	-42.175	-14.554	0	0	0	0	0	1000
2	16.034	40.726	0	0	0	0	0	1000
3	-14.639	29.633	0	0	0	0	0	1000
4	16.049	-3.934	0	0	0	0	0	1000
5	46.112	12.43	0	0	0	0	0	1000
6	-92.7	-59.18	8	20	6	1	63	91	394
7	71.179	12.543	15	6	6	1	63	226	479
8	31.537	66.638	20	19	6	1	63	246	519
9	-4.694	25.537	7	10	6	1	63	166	484
10	-30.194	67.773	13	18	6	1	63	270	625
11	12.677	-57.471	6	1	6	1	63	114	451
12	-32.355	-20.966	5	15	6	1	63	65	417
13	19.91	48.975	1	23	6	1	63	84	335
14	13.202	-19.135	12	13	6	1	63	157	393
15	54.877	-41.168	18	12	6	1	63	263	565
16	15.063	-25.171	25	7	6	1	63	261	582
17	-50.598	-16.418	14	25	6	1	63	189	471
18	-29.73	17.078	18	5	6	1	63	262	443
19	17.542	1.575	13	1	6	1	63	244	568
20	11.127	77.216	6	25	6	1	63	253	449
21	33.752	71.259	14	10	6	1	63	116	375
22	-56.012	-10.394	10	2	6	1	63	221	559
23	57.874	-16.29	18	7	6	1	63	274	456
24	10.718	-18.787	8	11	3	2	21	42	87	361
25	53.088	-18.75	6	4	3	2	21	42	159	496
26	1.569	7.532	2	6	3	2	21	42	226	481
27	31.531	48.944	4	15	3	2	21	42	94	366
28	-66.833	-37.854	4	7	3	2	21	42	288	490
29	-70.74	62.244	23	8	3	2	21	42	133	354
30	32.538	23.096	12	10	3	2	21	42	271	511
31	-51.453	-36.444	24	9	3	2	21	42	213	563
32	36.456	-22.638	17	4	3	2	21	42	252	532
33	-31.207	43.494	18	6	3	2	21	42	118	405
34	-10.388	34.491	25	22	3	2	21	42	76	343
35	14.722	-10.834	22	17	3	2	21	42	240	564
36	47.095	-21.387	10	9	3	2	21	42	199	513
37	43.781	34.766	25	25	3	2	21	42	222	464
38	53.546	-67.487	21	10	3	2	21	42	197	402
39	26.801	46.515	21	18	3	2	21	42	69	274
40	63.385	11.981	16	21	3	2	21	42	220	546
41	47.192	-5.475	23	10	3	2	21	42	71	269
42	-16.315	-11.267	21	23	2	3	9	18	36	211	513
43	78.9	17.651	15	23	2	3	9	18	36	74	393
44	79.822	22.272	7	11	2	3	9	18	36	255	517
45	12.878	16.919	20	1	2	3	9	18	36	183	369
46	-67.981	-3.754	6	23	2	3	9	18	36	242	534
47	9.198	-18.597	16	16	2	3	9	18	36	72	384
48	-35.95	-19.141	10	10	2	3	9	18	36	278	581
49	28.766	45.276	7	12	2	3	9	18	36	201	487
50	11.469	68.231	20	12	2	3	9	18	36	288	476
51	-22.76	45.496	9	3	2	3	9	18	36	178	395
52	-65.674	-23.12	12	22	2	3	9	18	36	215	558
53	7.239	1.599	10	21	2	3	9	18	36	213	492
54	-29.785	-11.285	19	13	2	3	9	18	36	248	497
55	-89.05	16.211	6	15	2	3	9	18	36	187	501
56	-46.887	-3.363	14	13	2	3	9	18	36	69	325
57	-14.972	30.621	23	20	2	3	9	18	36	116	382
58	-17.035	49.774	8	10	2	3	9	18	36	149	433
59	31.635	53.619	10	25	2	3	9	18	36	132	481
60	-3.577	13.342	14	7	1	6	1	2	4	8	16	32	257	487
61	33.008	58.96	3	15	1	6	1	2	4	8	16	32	162	441
62	-92.95	63.263	25	2	1	6	1	2	4	8	16	32	111	407
63	-9.137	-22.931	21	23	1	6	1	2	4	8	16	32	82	337
64	-39.96	6.195	5	5	1	6	1	2	4	8	16	32	239	508
65	28.43	-19.214	2	25	1	6	1	2	4	8	16	32	261	577
66	-28.54	-3.485	3	9	1	6	1	2	4	8	16	32	276	559
67	31.415	36.859	21	2	1	6	1	2	4	8	16	32	163	384
68	-49.426	60.602	1	24	1	6	1	2	4	8	16	32	229	530
69	-72.827	-27.765	25	13	1	6	1	2	4	8	16	32	222	485
70	60.083	-45.905	21	20	1	6	1	2	4	8	16	32	231	525
71	10.87	-3.9	21	13	1	6	1	2	4	8	16	32	298	589
72	25.122	7.672	25	15	1	6	1	2	4	8	16	32	248	603
73	-46.997	-17.474	14	4	1	6	1	2	4	8	16	32	204	452
74	16.058	33.02	20	20	1	6	1	2	4	8	16	32	77	263
75	25.409	-11.7	14	8	1	6	1	2	4	8	16	32	160	366
76	68.323	-5.145	11	19	1	6	1	2	4	8	16	32	97	362
77	-13.104	62.158	25	20	1	6	1	2	4	8	16	32	173	508
