9	1	72	6	6
500	200
500	200
500	200
500	200
500	200
500	200
500	200
500	200
500	200
500	200
500	200
500	200
500	200
500	200
500	200
500	200
500	200
500	200
500	200
500	200
500	200
500	200
500	200
500	200
500	200
500	200
500	200
500	200
500	200
500	200
500	200
500	200
500	200
500	200
500	200
500	200
0	42.395	-8.344	0	0	0	0	0	1000
1	-42.175	-14.554	0	0	0	0	0	1000
2	16.034	40.726	0	0	0	0	0	1000
3	-14.639	29.633	0	0	0	0	0	1000
4	16.049	-3.934	0	0	0	0	0	1000
5	46.112	12.43	0	0	0	0	0	1000
6	-92.7	-59.18	8	20	6	1	63	94	327
7	71.179	12.543	15	6	6	1	63	206	531
8	31.537	66.638	20	19	6	1	63	294	651
9	-4.694	25.537	7	10	6	1	63	261	563
10	-30.194	67.773	13	18	6	1	63	85	406
11	12.677	-57.471	6	1	6	1	63	87	309
12	-32.355	-20.966	5	15	6	1	63	104	439
13	19.91	48.975	1	23	6	1	63	226	449
14	13.202	-19.135	12	13	6	1	63	270	551
15	54.877	-41.168	18	12	6	1	63	268	599
16	15.063	-25.171	25	7	6	1	63	127	351
17	-50.598	-16.418	14	25	6	1	63	139	340
18	-29.73	17.078	18	5	6	1	63	126	481
19	17.542	1.575	13	1	6	1	63	192	453
20	11.127	77.216	6	25	6	1	63	155	467
21	33.752	71.259	14	10	6	1	63	195	379
22	-56.012	-10.394	10	2	6	1	63	151	403
23	57.874	-16.29	18	7	6	1	63	298	578
24	10.718	-18.787	8	11	3	2	21	42	272	490
25	53.088	-18.75	6	4	3	2	21	42	221	529
26	1.569	7.532	2	6	3	2	21	42	196	544
27	31.531	48.944	4	15	3	2	21	42	219	411
28	-66.833	-37.854	4	7	3	2	21	42	73	332
29	-70.74	62.244	23	8	3	2	21	42	82	303
30	32.538	23.096	12	10	3	2	21	42	282	630
31	-51.453	-36.444	24	9	3	2	21	42	195	550
32	36.456	-22.638	17	4	3	2	21	42	128	405
33	-31.207	43.494	18	6	3	2	21	42	186	537
34	-10.388	34.491	25	22	3	2	21	42	72	335
35	14.722	-10.834	22	17	3	2	21	42	178	512
36	47.095	-21.387	10	9	3	2	21	42	180	433
37	43.781	34.766	25	25	3	2	21	42	144	430
38	53.546	-67.487	21	10	3	2	21	42	113	400
39	26.801	46.515	21	18	3	2	21	42	226	465
40	63.385	11.981	16	21	3	2	21	42	66	411
41	47.192	-5.475	23	10	3	2	21	42	173	357
42	-16.315	-11.267	21	23	2	3	9	18	36	283	573
43	78.9	17.651	15	23	2	3	9	18	36	261	489
44	79.822	22.272	7	11	2	3	9	18	36	254	446
45	12.878	16.919	20	1	2	3	9	18	36	179	538
46	-67.981	-3.754	6	23	2	3	9	18	36	253	440
47	9.198	-18.597	16	16	2	3	9	18	36	165	524
48	-35.95	-19.141	10	10	2	3	9	18	36	72	425
49	28.766	45.276	7	12	2	3	9	18	36	142	452
50	11.469	68.231	20	12	2	3	9	18	36	277	564
51	-22.76	45.496	9	3	2	3	9	18	36	203	439
52	-65.674	-23.12	12	22	2	3	9	18	36	97	402
53	7.239	1.599	10	21	2	3	9	18	36	96	340
54	-29.785	-11.285	19	13	2	3	9	18	36	155	513
55	-89.05	16.211	6	15	2	3	9	18	36	96	340
56	-46.887	-3.363	14	13	2	3	9	18	36	85	280
57	-14.972	30.621	23	20	2	3	9	18	36	212	448
58	-17.035	49.774	8	10	2	3	9	18	36	197	488
59	31.635	53.619	10	25	2	3	9	18	36	101	359
60	-3.577	13.342	14	7	1	6	1	2	4	8	16	32	104	337
61	33.008	58.96	3	15	1	6	1	2	4	8	16	32	243	511
62	-92.95	63.263	25	2	1	6	1	2	4	8	16	32	129	329
63	-9.137	-22.931	21	23	1	6	1	2	4	8	16	32	267	563
64	-39.96	6.195	5	5	1	6	1	2	4	8	16	32	81	325
65	28.43	-19.214	2	25	1	6	1	2	4	8	16	32	264	512
66	-28.54	-3.485	3	9	1	6	1	2	4	8	16	32	243	563
67	31.415	36.859	21	2	1	6	1	2	4	8	16	32	256	508
68	-49.426	60.602	1	24	1	6	1	2	4	8	16	32	155	423
69	-72.827	-27.765	25	13	1	6	1	2	4	8	16	32	298	478
70	60.083	-45.905	21	20	1	6	1	2	4	8	16	32	234	577
71	10.87	-3.9	21	13	1	6	1	2	4	8	16	32	218	552
72	25.122	7.672	25	15	1	6	1	2	4	8	16	32	164	417
73	-46.997	-17.474	14	4	1	6	1	2	4	8	16	32	276	592
74	16.058	33.02	20	20	1	6	1	2	4	8	16	32	291	642
75	25.409	-11.7	14	8	1	6	1	2	4	8	16	32	69	277
76	68.323	-5.145	11	19	1	6	1	2	4	8	16	32	181	429
77	-13.104	62.158	25	20	1	6	1	2	4	8	16	32	81	286
