9	2	144	6	6
475	190
475	190
475	190
475	190
475	190
475	190
475	190
475	190
475	190
475	190
475	190
475	190
475	190
475	190
475	190
475	190
475	190
475	190
475	190
475	190
475	190
475	190
475	190
475	190
475	190
475	190
475	190
475	190
475	190
475	190
475	190
475	190
475	190
475	190
475	190
475	190
0	-3.799	44.29	0	0	0	0	0	1000
1	14.233	21.173	0	0	0	0	0	1000
2	-23.334	-28.397	0	0	0	0	0	1000
3	10.065	1.822	0	0	0	0	0	1000
4	-49.115	-43.549	0	0	0	0	0	1000
5	-21.054	4.144	0	0	0	0	0	1000
6	-40.289	-42.303	6	20	6	1	63	92	370
7	-64.709	-17.389	3	10	6	1	63	188	379
8	5.06	-14.349	23	8	6	1	63	297	502
9	72.095	20.233	1	6	6	1	63	196	490
10	2.594	-15.002	18	1	6	1	63	200	477
11	-24.176	-72.894	8	19	6	1	63	139	489
12	-13.19	66.498	2	13	6	1	63	146	453
13	33.191	13.69	9	24	6	1	63	271	494
14	66.827	-30.554	1	15	6	1	63	229	508
15	19.934	35.883	20	13	6	1	63	71	356
16	-27.771	32.269	23	10	6	1	63	242	491
17	51.154	-16.827	22	4	6	1	63	277	485
18	-19.214	23.749	24	12	6	1	63	280	586
19	-46.643	-52.954	21	21	6	1	63	212	467
20	-10.59	-16.626	18	2	6	1	63	233	445
21	35.15	12.622	21	10	6	1	63	74	347
22	-37.378	12.256	7	20	6	1	63	104	447
23	82.794	25.836	4	9	6	1	63	244	599
24	8.936	-3.723	21	24	6	1	63	91	397
25	-56.659	25.555	13	19	6	1	63	87	272
26	-52.02	-40.137	18	13	6	1	63	228	535
27	39.27	12.787	4	14	6	1	63	292	610
28	19.757	21.228	3	17	6	1	63	195	541
29	-23.071	-12.659	12	25	6	1	63	188	419
30	15.686	52.374	5	1	6	1	63	284	638
31	58.771	-7.056	8	9	6	1	63	90	285
32	-33.087	72.266	14	12	6	1	63	67	386
33	2.551	46.851	10	22	6	1	63	102	460
34	-18.719	73.126	14	2	6	1	63	64	314
35	-67.627	-20.679	19	21	6	1	63	153	449
36	-76.862	-11.365	20	8	6	1	63	76	376
37	-24.194	-38.263	21	19	6	1	63	143	332
38	-20.374	-31.903	11	24	6	1	63	199	558
39	9.29	39.618	14	24	6	1	63	159	356
40	26.044	35.974	6	2	6	1	63	116	451
41	-57.385	-45.264	7	20	6	1	63	127	403
42	1.489	-62.592	3	20	3	2	21	42	272	525
43	34.937	13.672	22	5	3	2	21	42	64	324
44	-22.29	45.648	21	17	3	2	21	42	288	594
45	-5.92	44.061	12	4	3	2	21	42	284	559
46	-38.446	-23.541	1	21	3	2	21	42	151	335
47	28.894	33.936	11	3	3	2	21	42	100	341
48	-35.388	-5.341	12	16	3	2	21	42	239	551
49	-19.501	13.519	19	14	3	2	21	42	110	439
50	-9.216	-30.988	8	6	3	2	21	42	211	410
51	-22.131	-17.065	11	5	3	2	21	42	153	368
52	-22.827	36.81	18	12	3	2	21	42	263	572
53	-61.365	-18.463	6	23	3	2	21	42	181	459
54	50.128	-66.046	3	12	3	2	21	42	202	507
55	25.647	24.139	6	18	3	2	21	42	186	409
56	65.521	42.81	10	24	3	2	21	42	101	369
57	-60.956	-47.925	7	3	3	2	21	42	226	506
58	-9.07	42.798	17	3	3	2	21	42	130	386
59	-19.061	4.48	12	25	3	2	21	42	266	521
60	-54.071	-3.87	11	22	3	2	21	42	221	529
61	-25.598	-18.866	15	25	3	2	21	42	159	495
62	-18.707	84.296	6	15	3	2	21	42	267	482
63	-70.184	-39.166	13	18	3	2	21	42	212	418
64	-14.636	-0.446	3	8	3	2	21	42	79	346
65	-76.465	-38.922	23	20	3	2	21	42	252	578
66	44.092	12.433	24	18	3	2	21	42	292	606
67	-22.772	-50.867	22	5	3	2	21	42	286	645
68	19.104	44.672	11	25	3	2	21	42	61	394
69	-44.019	-39.935	24	16	3	2	21	42	189	392
70	-2.972	-4.059	8	14	3	2	21	42	201	396
71	-24.261	35.907	22	1	3	2	21	42	298	514
72	-61.877	-73.901	11	15	3	2	21	42	158	368
73	-5.64	-26.721	6	22	3	2	21	42	135	488
74	45.844	-36.835	10	6	3	2	21	42	107	428
75	-51.746	-79.84	10	24	3	2	21	42	233	426
76	-33.008	10.992	20	19	3	2	21	42	171	413
77	-25.653	-0.372	2	12	3	2	21	42	215	515
78	-21.497	61.487	18	13	2	3	9	18	36	131	345
79	2.032	26.727	8	10	2	3	9	18	36	262	489
80	-26.758	14.807	13	12	2	3	9	18	36	252	608
81	-37.256	-44.861	8	13	2	3	9	18	36	81	358
82	-0.861	-16.418	8	25	2	3	9	18	36	141	402
83	-51.16	34.967	18	12	2	3	9	18	36	108	453
84	-41.266	-76.886	17	2	2	3	9	18	36	79	317
85	-30.255	74.701	10	11	2	3	9	18	36	249	503
86	-46.368	-1.514	23	10	2	3	9	18	36	64	330
87	-71.619	73.077	3	9	2	3	9	18	36	191	501
88	-46.606	-39.948	25	21	2	3	9	18	36	62	278
89	-30.243	67.102	4	14	2	3	9	18	36	168	366
90	-40.997	-43.036	25	15	2	3	9	18	36	286	597
91	-74.286	-52.307	5	6	2	3	9	18	36	223	545
92	-17.609	-71.851	9	25	2	3	9	18	36	220	528
93	2.35	-81.805	18	14	2	3	9	18	36	216	532
94	-85.486	-54.059	16	17	2	3	9	18	36	222	568
95	23.822	10.571	16	8	2	3	9	18	36	288	546
96	-24.53	-31.726	22	4	2	3	9	18	36	122	459
97	-42.474	-15.009	2	17	2	3	9	18	36	192	389
98	-33.624	50.33	22	23	2	3	9	18	36	93	374
99	-81.458	-41.565	11	4	2	3	9	18	36	96	424
100	-73.505	-48.279	24	4	2	3	9	18	36	109	307
101	-3.052	70.898	17	9	2	3	9	18	36	289	550
102	0.946	25.458	12	9	2	3	9	18	36	164	415
103	-54.144	13.525	1	19	2	3	9	18	36	245	521
104	-30.634	7.526	23	12	2	3	9	18	36	210	501
105	-68.335	-34.277	4	25	2	3	9	18	36	242	561
106	7.178	57.935	15	8	2	3	9	18	36	296	604
107	4.712	48.669	15	13	2	3	9	18	36	215	558
108	58.087	26.379	12	3	2	3	9	18	36	109	404
109	18.347	34.784	21	6	2	3	9	18	36	251	511
110	-44.629	-61.975	21	11	2	3	9	18	36	83	358
111	5.231	26.068	15	24	2	3	9	18	36	290	535
112	-48.065	-36.755	21	16	2	3	9	18	36	158	437
113	-3.589	-27.734	19	21	2	3	9	18	36	64	248
114	9.808	36.896	11	25	1	6	1	2	4	8	16	32	268	564
115	59.46	1.233	3	10	1	6	1	2	4	8	16	32	212	488
116	-47.522	19.873	12	2	1	6	1	2	4	8	16	32	84	421
117	-48.431	-50.317	4	13	1	6	1	2	4	8	16	32	76	398
118	44.666	20.953	2	14	1	6	1	2	4	8	16	32	174	460
119	-19.226	32.77	9	19	1	6	1	2	4	8	16	32	80	316
120	-15.662	17.462	21	16	1	6	1	2	4	8	16	32	182	389
121	-91.669	77.722	17	23	1	6	1	2	4	8	16	32	117	345
122	-30.035	-78.284	22	13	1	6	1	2	4	8	16	32	267	520
123	73.663	32.941	24	24	1	6	1	2	4	8	16	32	150	459
124	22.4	-60.083	2	17	1	6	1	2	4	8	16	32	204	505
125	61.206	-13.501	25	8	1	6	1	2	4	8	16	32	249	519
126	22.131	-50.012	21	12	1	6	1	2	4	8	16	32	241	486
127	-6.317	56.665	11	6	1	6	1	2	4	8	16	32	230	539
128	-20.471	12.885	23	20	1	6	1	2	4	8	16	32	251	452
129	-61.084	-44.769	4	20	1	6	1	2	4	8	16	32	217	456
130	-9.576	-19.366	1	24	1	6	1	2	4	8	16	32	87	355
131	5.627	-88.501	15	10	1	6	1	2	4	8	16	32	138	468
132	-2.618	22.131	20	18	1	6	1	2	4	8	16	32	81	269
133	40.497	32.343	8	10	1	6	1	2	4	8	16	32	182	440
134	-3.296	36.774	4	15	1	6	1	2	4	8	16	32	272	456
135	-50.995	19.781	12	12	1	6	1	2	4	8	16	32	242	551
136	-70.52	-3.809	23	22	1	6	1	2	4	8	16	32	180	408
137	4.205	0.812	25	11	1	6	1	2	4	8	16	32	113	351
138	9.955	26.337	5	14	1	6	1	2	4	8	16	32	110	418
139	13.538	-21.313	15	9	1	6	1	2	4	8	16	32	174	446
140	-21.869	-18.768	2	6	1	6	1	2	4	8	16	32	293	486
141	-37.158	-30.768	22	23	1	6	1	2	4	8	16	32	222	431
142	-86.975	10.345	16	8	1	6	1	2	4	8	16	32	284	464
143	-47.272	-46.326	23	22	1	6	1	2	4	8	16	32	274	480
144	4.095	-19.354	13	7	1	6	1	2	4	8	16	32	195	445
145	4.205	30.292	7	15	1	6	1	2	4	8	16	32	293	564
146	-42.017	53.986	20	22	1	6	1	2	4	8	16	32	193	390
147	35.095	-10.895	25	7	1	6	1	2	4	8	16	32	241	509
148	61.188	-59.875	12	14	1	6	1	2	4	8	16	32	79	393
149	-34.674	-1.337	9	21	1	6	1	2	4	8	16	32	61	395
