9	2	144	6	6
475	190
475	190
475	190
475	190
475	190
475	190
475	190
475	190
475	190
475	190
475	190
475	190
475	190
475	190
475	190
475	190
475	190
475	190
475	190
475	190
475	190
475	190
475	190
475	190
475	190
475	190
475	190
475	190
475	190
475	190
475	190
475	190
475	190
475	190
475	190
475	190
0	-3.799	44.29	0	0	0	0	0	1000
1	14.233	21.173	0	0	0	0	0	1000
2	-23.334	-28.397	0	0	0	0	0	1000
3	10.065	1.822	0	0	0	0	0	1000
4	-49.115	-43.549	0	0	0	0	0	1000
5	-21.054	4.144	0	0	0	0	0	1000
6	-40.289	-42.303	6	20	6	1	63	101	341
7	-64.709	-17.389	3	10	6	1	63	208	482
8	5.06	-14.349	23	8	6	1	63	218	450
9	72.095	20.233	1	6	6	1	63	123	469
10	2.594	-15.002	18	1	6	1	63	145	419
11	-24.176	-72.894	8	19	6	1	63	188	433
12	-13.19	66.498	2	13	6	1	63	154	335
13	33.191	13.69	9	24	6	1	63	149	461
14	66.827	-30.554	1	15	6	1	63	163	389
15	19.934	35.883	20	13	6	1	63	173	410
16	-27.771	32.269	23	10	6	1	63	222	410
17	51.154	-16.827	22	4	6	1	63	102	338
18	-19.214	23.749	24	12	6	1	63	62	269
19	-46.643	-52.954	21	21	6	1	63	228	558
20	-10.59	-16.626	18	2	6	1	63	91	444
21	35.15	12.622	21	10	6	1	63	155	370
22	-37.378	12.256	7	20	6	1	63	67	347
23	82.794	25.836	4	9	6	1	63	64	353
24	8.936	-3.723	21	24	6	1	63	211	414
25	-56.659	25.555	13	19	6	1	63	229	423
26	-52.02	-40.137	18	13	6	1	63	291	516
27	39.27	12.787	4	14	6	1	63	222	519
28	19.757	21.228	3	17	6	1	63	228	578
29	-23.071	-12.659	12	25	6	1	63	136	465
30	15.686	52.374	5	1	6	1	63	152	340
31	58.771	-7.056	8	9	6	1	63	220	442
32	-33.087	72.266	14	12	6	1	63	122	449
33	2.551	46.851	10	22	6	1	63	295	543
34	-18.719	73.126	14	2	6	1	63	280	505
35	-67.627	-20.679	19	21	6	1	63	154	456
36	-76.862	-11.365	20	8	6	1	63	246	443
37	-24.194	-38.263	21	19	6	1	63	138	396
38	-20.374	-31.903	11	24	6	1	63	195	375
39	9.29	39.618	14	24	6	1	63	229	417
40	26.044	35.974	6	2	6	1	63	247	575
41	-57.385	-45.264	7	20	6	1	63	204	406
42	1.489	-62.592	3	20	3	2	21	42	156	423
43	34.937	13.672	22	5	3	2	21	42	141	450
44	-22.29	45.648	21	17	3	2	21	42	234	489
45	-5.92	44.061	12	4	3	2	21	42	245	511
46	-38.446	-23.541	1	21	3	2	21	42	216	402
47	28.894	33.936	11	3	3	2	21	42	224	547
48	-35.388	-5.341	12	16	3	2	21	42	127	338
49	-19.501	13.519	19	14	3	2	21	42	63	389
50	-9.216	-30.988	8	6	3	2	21	42	95	288
51	-22.131	-17.065	11	5	3	2	21	42	290	546
52	-22.827	36.81	18	12	3	2	21	42	289	591
53	-61.365	-18.463	6	23	3	2	21	42	192	547
54	50.128	-66.046	3	12	3	2	21	42	92	447
55	25.647	24.139	6	18	3	2	21	42	245	601
56	65.521	42.81	10	24	3	2	21	42	83	277
57	-60.956	-47.925	7	3	3	2	21	42	275	535
58	-9.07	42.798	17	3	3	2	21	42	176	495
59	-19.061	4.48	12	25	3	2	21	42	63	265
60	-54.071	-3.87	11	22	3	2	21	42	133	358
61	-25.598	-18.866	15	25	3	2	21	42	170	414
62	-18.707	84.296	6	15	3	2	21	42	124	438
63	-70.184	-39.166	13	18	3	2	21	42	99	413
64	-14.636	-0.446	3	8	3	2	21	42	100	426
65	-76.465	-38.922	23	20	3	2	21	42	186	431
66	44.092	12.433	24	18	3	2	21	42	226	566
67	-22.772	-50.867	22	5	3	2	21	42	288	602
68	19.104	44.672	11	25	3	2	21	42	161	344
69	-44.019	-39.935	24	16	3	2	21	42	203	448
70	-2.972	-4.059	8	14	3	2	21	42	168	391
71	-24.261	35.907	22	1	3	2	21	42	159	475
72	-61.877	-73.901	11	15	3	2	21	42	164	447
73	-5.64	-26.721	6	22	3	2	21	42	94	300
74	45.844	-36.835	10	6	3	2	21	42	153	354
75	-51.746	-79.84	10	24	3	2	21	42	130	428
76	-33.008	10.992	20	19	3	2	21	42	89	311
77	-25.653	-0.372	2	12	3	2	21	42	229	568
78	-21.497	61.487	18	13	2	3	9	18	36	205	419
79	2.032	26.727	8	10	2	3	9	18	36	262	451
80	-26.758	14.807	13	12	2	3	9	18	36	105	353
81	-37.256	-44.861	8	13	2	3	9	18	36	145	412
82	-0.861	-16.418	8	25	2	3	9	18	36	275	536
83	-51.16	34.967	18	12	2	3	9	18	36	299	578
84	-41.266	-76.886	17	2	2	3	9	18	36	246	497
85	-30.255	74.701	10	11	2	3	9	18	36	198	533
86	-46.368	-1.514	23	10	2	3	9	18	36	194	382
87	-71.619	73.077	3	9	2	3	9	18	36	277	628
88	-46.606	-39.948	25	21	2	3	9	18	36	174	523
89	-30.243	67.102	4	14	2	3	9	18	36	175	363
90	-40.997	-43.036	25	15	2	3	9	18	36	209	391
91	-74.286	-52.307	5	6	2	3	9	18	36	265	502
92	-17.609	-71.851	9	25	2	3	9	18	36	226	428
93	2.35	-81.805	18	14	2	3	9	18	36	159	370
94	-85.486	-54.059	16	17	2	3	9	18	36	155	487
95	23.822	10.571	16	8	2	3	9	18	36	193	535
96	-24.53	-31.726	22	4	2	3	9	18	36	167	439
97	-42.474	-15.009	2	17	2	3	9	18	36	285	530
98	-33.624	50.33	22	23	2	3	9	18	36	165	520
99	-81.458	-41.565	11	4	2	3	9	18	36	259	608
100	-73.505	-48.279	24	4	2	3	9	18	36	173	360
101	-3.052	70.898	17	9	2	3	9	18	36	108	372
102	0.946	25.458	12	9	2	3	9	18	36	267	464
103	-54.144	13.525	1	19	2	3	9	18	36	212	457
104	-30.634	7.526	23	12	2	3	9	18	36	241	564
105	-68.335	-34.277	4	25	2	3	9	18	36	212	515
106	7.178	57.935	15	8	2	3	9	18	36	71	323
107	4.712	48.669	15	13	2	3	9	18	36	174	414
108	58.087	26.379	12	3	2	3	9	18	36	155	451
109	18.347	34.784	21	6	2	3	9	18	36	82	275
110	-44.629	-61.975	21	11	2	3	9	18	36	230	527
111	5.231	26.068	15	24	2	3	9	18	36	114	418
112	-48.065	-36.755	21	16	2	3	9	18	36	276	600
113	-3.589	-27.734	19	21	2	3	9	18	36	135	475
114	9.808	36.896	11	25	1	6	1	2	4	8	16	32	144	350
115	59.46	1.233	3	10	1	6	1	2	4	8	16	32	125	350
116	-47.522	19.873	12	2	1	6	1	2	4	8	16	32	251	463
117	-48.431	-50.317	4	13	1	6	1	2	4	8	16	32	246	582
118	44.666	20.953	2	14	1	6	1	2	4	8	16	32	82	364
119	-19.226	32.77	9	19	1	6	1	2	4	8	16	32	75	434
120	-15.662	17.462	21	16	1	6	1	2	4	8	16	32	215	524
121	-91.669	77.722	17	23	1	6	1	2	4	8	16	32	286	523
122	-30.035	-78.284	22	13	1	6	1	2	4	8	16	32	265	572
123	73.663	32.941	24	24	1	6	1	2	4	8	16	32	66	271
124	22.4	-60.083	2	17	1	6	1	2	4	8	16	32	165	436
125	61.206	-13.501	25	8	1	6	1	2	4	8	16	32	263	469
126	22.131	-50.012	21	12	1	6	1	2	4	8	16	32	287	470
127	-6.317	56.665	11	6	1	6	1	2	4	8	16	32	269	456
128	-20.471	12.885	23	20	1	6	1	2	4	8	16	32	144	470
129	-61.084	-44.769	4	20	1	6	1	2	4	8	16	32	82	385
130	-9.576	-19.366	1	24	1	6	1	2	4	8	16	32	61	262
131	5.627	-88.501	15	10	1	6	1	2	4	8	16	32	117	302
132	-2.618	22.131	20	18	1	6	1	2	4	8	16	32	271	629
133	40.497	32.343	8	10	1	6	1	2	4	8	16	32	107	375
134	-3.296	36.774	4	15	1	6	1	2	4	8	16	32	141	341
135	-50.995	19.781	12	12	1	6	1	2	4	8	16	32	243	438
136	-70.52	-3.809	23	22	1	6	1	2	4	8	16	32	149	376
137	4.205	0.812	25	11	1	6	1	2	4	8	16	32	136	483
138	9.955	26.337	5	14	1	6	1	2	4	8	16	32	203	529
139	13.538	-21.313	15	9	1	6	1	2	4	8	16	32	174	425
140	-21.869	-18.768	2	6	1	6	1	2	4	8	16	32	269	514
141	-37.158	-30.768	22	23	1	6	1	2	4	8	16	32	148	448
142	-86.975	10.345	16	8	1	6	1	2	4	8	16	32	268	597
143	-47.272	-46.326	23	22	1	6	1	2	4	8	16	32	205	527
144	4.095	-19.354	13	7	1	6	1	2	4	8	16	32	163	356
145	4.205	30.292	7	15	1	6	1	2	4	8	16	32	180	376
146	-42.017	53.986	20	22	1	6	1	2	4	8	16	32	88	360
147	35.095	-10.895	25	7	1	6	1	2	4	8	16	32	238	427
148	61.188	-59.875	12	14	1	6	1	2	4	8	16	32	229	520
149	-34.674	-1.337	9	21	1	6	1	2	4	8	16	32	289	555
