9	3	216	6	6
450	180
450	180
450	180
450	180
450	180
450	180
450	180
450	180
450	180
450	180
450	180
450	180
450	180
450	180
450	180
450	180
450	180
450	180
450	180
450	180
450	180
450	180
450	180
450	180
450	180
450	180
450	180
450	180
450	180
450	180
450	180
450	180
450	180
450	180
450	180
450	180
0	-15.067	-23.95	0	0	0	0	0	1000
1	38.791	22.443	0	0	0	0	0	1000
2	-41.833	-35.361	0	0	0	0	0	1000
3	-29.523	-4.843	0	0	0	0	0	1000
4	49.725	11.99	0	0	0	0	0	1000
5	21.133	14.142	0	0	0	0	0	1000
6	-41.235	-66.357	14	3	6	1	63	93	345
7	34.064	-59.357	16	16	6	1	63	150	459
8	20.917	-52.582	17	8	6	1	63	108	426
9	-38.538	-37.396	19	15	6	1	63	226	496
10	41.058	22.931	6	12	6	1	63	131	329
11	-54.034	-53.131	7	13	6	1	63	164	346
12	8.099	80.725	3	8	6	1	63	228	489
13	81.299	13.409	10	24	6	1	63	217	412
14	14.459	-2.972	4	14	6	1	63	62	385
15	-52.539	60.107	17	17	6	1	63	118	385
16	-57.202	-34.229	10	8	6	1	63	223	579
17	-65.552	-40.222	13	11	6	1	63	125	438
18	-19.751	-10.278	20	8	6	1	63	297	548
19	-26.965	-87.012	6	17	6	1	63	180	365
20	3.192	-88.654	18	19	6	1	63	213	441
21	34.521	32.837	3	13	6	1	63	272	559
22	80.035	5.273	10	2	6	1	63	227	574
23	-39.838	-67.731	4	8	6	1	63	214	561
24	14.6	11.365	15	21	6	1	63	95	434
25	-20.99	-80.511	4	13	6	1	63	255	469
26	48.242	47.284	6	17	6	1	63	230	410
27	59.338	-31.86	19	4	6	1	63	249	432
28	-13.995	-45.624	7	22	6	1	63	102	412
29	32.397	-32.532	20	24	6	1	63	244	486
30	2.826	50.824	12	11	6	1	63	296	583
31	-66.077	-34.686	8	6	6	1	63	207	427
32	-13.66	18.64	18	19	6	1	63	121	479
33	-59.344	12.769	1	11	6	1	63	86	335
34	-5.133	-18.463	25	23	6	1	63	292	526
35	-22.961	-21.729	16	4	6	1	63	66	333
36	58.13	46.606	5	5	6	1	63	193	479
37	-49.603	-76.624	7	16	6	1	63	65	380
38	-4.803	43.036	20	2	6	1	63	201	535
39	68.616	-19.623	3	13	6	1	63	250	438
40	37.915	63.599	11	11	6	1	63	251	595
41	1.251	-26.55	15	9	6	1	63	184	539
42	-37.952	1.685	15	18	6	1	63	92	295
43	-40.503	8.038	8	7	6	1	63	293	495
44	-8.392	-38.678	13	24	6	1	63	81	430
45	-36.725	25.494	16	5	6	1	63	146	330
46	-47.754	-50.073	4	2	6	1	63	61	316
47	22.595	-28.357	9	5	6	1	63	127	477
48	-36.365	-48.163	5	5	6	1	63	199	519
49	75.452	-13.422	20	3	6	1	63	259	451
50	-64.52	-13.232	10	13	6	1	63	135	344
51	1.257	29.156	9	2	6	1	63	129	343
52	-1.569	-35.974	18	10	6	1	63	71	345
53	46.747	6.696	13	12	6	1	63	150	426
54	82.08	27.057	17	24	6	1	63	157	338
55	74.695	19.366	22	21	6	1	63	185	498
56	47.015	9.338	5	18	6	1	63	132	412
57	-62.036	-21.326	12	5	6	1	63	96	390
58	9.192	20.038	4	15	6	1	63	112	340
59	-3.094	21.582	5	11	6	1	63	160	501
60	-75.446	13.086	22	7	3	2	21	42	185	391
61	10.034	-63.739	7	3	3	2	21	42	156	369
62	71.814	26.501	12	17	3	2	21	42	183	497
63	18.842	-38.019	10	14	3	2	21	42	102	439
64	-10.541	-31.305	18	14	3	2	21	42	160	425
65	8.252	-91.15	17	7	3	2	21	42	243	578
66	72.821	-38.916	3	12	3	2	21	42	68	413
67	-30.157	38.776	1	5	3	2	21	42	169	485
68	-56.256	-5.548	9	11	3	2	21	42	133	319
69	-8.398	-37.604	12	17	3	2	21	42	155	478
70	15.021	13.708	4	3	3	2	21	42	172	448
71	-60.199	24.292	2	7	3	2	21	42	298	619
72	-13.794	-27.106	18	13	3	2	21	42	67	312
73	-34.796	-22.205	23	20	3	2	21	42	66	344
74	69.641	83.057	14	13	3	2	21	42	137	413
75	-44.44	30.09	6	4	3	2	21	42	67	247
76	48.633	3.021	1	3	3	2	21	42	245	464
77	-15.314	51.709	6	24	3	2	21	42	257	522
78	36.261	26.782	6	23	3	2	21	42	226	480
79	59.961	24.31	8	21	3	2	21	42	225	461
80	55.304	6.628	25	23	3	2	21	42	239	428
81	39.96	48.297	3	10	3	2	21	42	111	371
82	-48.895	-71.1	3	21	3	2	21	42	266	603
83	-2.338	-62.909	16	24	3	2	21	42	100	443
84	9.491	-41.901	5	9	3	2	21	42	238	583
85	-54.675	-18.439	6	22	3	2	21	42	181	537
86	10.98	-7.605	6	3	3	2	21	42	251	601
87	-69.824	-50.354	16	6	3	2	21	42	260	447
88	-40.308	-7.452	6	11	3	2	21	42	197	507
89	62.244	43.628	13	10	3	2	21	42	162	464
90	29.077	63.116	4	15	3	2	21	42	189	441
91	-12.067	-21.509	12	9	3	2	21	42	103	320
92	14.728	28.906	15	20	3	2	21	42	148	487
93	-63.086	-60.114	10	19	3	2	21	42	185	387
94	33.655	-0.928	19	19	3	2	21	42	162	449
95	-12.225	14.148	19	19	3	2	21	42	226	528
96	-89.966	51.514	1	20	3	2	21	42	244	481
97	-0.763	41.339	22	1	3	2	21	42	166	360
98	80.695	32.983	20	15	3	2	21	42	116	415
99	-53.394	-14.24	5	18	3	2	21	42	188	448
100	-53.284	-64.136	12	2	3	2	21	42	297	625
101	73.26	10.669	4	25	3	2	21	42	78	280
102	59.613	13.452	12	20	3	2	21	42	96	292
103	-37.012	6.476	8	18	3	2	21	42	94	357
104	-53.656	21.692	10	8	3	2	21	42	237	574
105	-36.89	18.372	2	3	3	2	21	42	205	491
106	-4.608	-13.806	25	2	3	2	21	42	221	521
107	53.802	36.993	14	15	3	2	21	42	231	476
108	48.468	-66.04	20	21	3	2	21	42	68	378
109	-46.393	-20.929	11	6	3	2	21	42	149	504
110	-15.045	-40.845	4	24	3	2	21	42	138	464
111	-73.621	-9.552	6	19	3	2	21	42	184	450
112	92.847	45.587	8	23	3	2	21	42	275	622
113	33.557	28.064	5	16	3	2	21	42	225	517
114	47.321	24.414	3	16	2	3	9	18	36	136	363
115	-6.61	-30.157	4	9	2	3	9	18	36	90	318
116	12.103	23.84	24	1	2	3	9	18	36	272	497
117	-61.963	26.239	4	10	2	3	9	18	36	173	506
118	23.877	9.808	11	14	2	3	9	18	36	298	506
119	49.78	6.866	23	11	2	3	9	18	36	178	375
120	-53.021	-21.484	1	4	2	3	9	18	36	192	532
121	54.962	2.985	15	23	2	3	9	18	36	247	506
122	4.865	-69.586	12	23	2	3	9	18	36	117	386
123	33.948	45.209	10	22	2	3	9	18	36	285	539
124	-32.166	-23.621	24	11	2	3	9	18	36	237	442
125	-17.548	-46.765	5	14	2	3	9	18	36	109	371
126	31.744	33.972	23	12	2	3	9	18	36	233	580
127	45.374	22.131	15	13	2	3	9	18	36	291	525
128	-5.219	-23.114	6	11	2	3	9	18	36	245	496
129	-51.056	-46.545	20	9	2	3	9	18	36	97	371
130	11.774	11.133	13	6	2	3	9	18	36	298	478
131	-39.758	-13.019	3	25	2	3	9	18	36	297	544
132	27.93	29.321	3	21	2	3	9	18	36	180	456
133	33.74	66.595	25	13	2	3	9	18	36	62	314
134	-91.815	29.858	15	23	2	3	9	18	36	183	487
135	-24.628	-68.701	6	8	2	3	9	18	36	280	476
136	44.659	20.465	4	7	2	3	9	18	36	123	428
137	45.447	-21.069	14	8	2	3	9	18	36	94	448
138	-37.366	-12.097	15	9	2	3	9	18	36	177	424
139	41.998	0.153	17	2	2	3	9	18	36	211	464
140	-42.822	-30.17	12	24	2	3	9	18	36	217	468
141	34.906	-4.578	2	7	2	3	9	18	36	259	545
142	-65.137	-43.079	11	23	2	3	9	18	36	217	425
143	20.27	-4.999	5	21	2	3	9	18	36	133	464
144	-36.731	-8.929	20	12	2	3	9	18	36	119	308
145	-26.984	-19.568	16	23	2	3	9	18	36	64	394
146	-31.299	-83.813	13	18	2	3	9	18	36	268	546
147	-26.794	12.506	9	5	2	3	9	18	36	212	545
148	-39.362	-58.521	23	15	2	3	9	18	36	90	424
149	-34.369	0.61	11	11	2	3	9	18	36	295	580
150	43.372	4.187	14	8	2	3	9	18	36	207	488
151	-38.226	-9.448	3	2	2	3	9	18	36	282	584
152	-25.61	-99.237	9	6	2	3	9	18	36	139	330
153	48.059	29.517	21	23	2	3	9	18	36	264	539
154	-43.628	-32.318	24	9	2	3	9	18	36	151	358
155	-16.602	-29.327	4	1	2	3	9	18	36	70	336
156	-29.81	-12.408	18	12	2	3	9	18	36	101	388
157	-51.91	-28.711	10	17	2	3	9	18	36	65	423
158	-1.801	-18.671	3	2	2	3	9	18	36	274	461
159	18.738	21.399	4	5	2	3	9	18	36	128	465
160	60.12	7.788	25	1	2	3	9	18	36	154	349
161	43.079	42.017	3	20	2	3	9	18	36	159	373
162	-39.435	-5.902	22	19	2	3	9	18	36	121	465
163	-35.889	-16.034	19	13	2	3	9	18	36	73	412
164	-41.827	38.995	20	10	2	3	9	18	36	121	343
165	84.497	29.822	7	9	2	3	9	18	36	214	541
166	-17.56	-10.48	19	14	2	3	9	18	36	281	640
167	-48.383	-48.92	19	4	2	3	9	18	36	176	391
168	-49.335	-17.969	22	20	1	6	1	2	4	8	16	32	167	453
169	16.095	-2.49	4	17	1	6	1	2	4	8	16	32	67	256
170	65.527	14.026	25	19	1	6	1	2	4	8	16	32	201	382
171	-2.93	13.22	23	19	1	6	1	2	4	8	16	32	274	608
172	-18.768	-23.663	24	16	1	6	1	2	4	8	16	32	277	580
173	-91.095	-80.737	25	4	1	6	1	2	4	8	16	32	186	522
174	-21.088	-13.293	4	1	1	6	1	2	4	8	16	32	281	547
175	46.985	17.224	3	21	1	6	1	2	4	8	16	32	84	316
176	-61.957	-33.038	7	9	1	6	1	2	4	8	16	32	182	458
177	-9.003	-25.452	10	2	1	6	1	2	4	8	16	32	171	499
178	33.661	-7.666	10	24	1	6	1	2	4	8	16	32	107	368
179	-25.592	-10.84	23	1	1	6	1	2	4	8	16	32	225	539
180	36.56	-2.441	18	21	1	6	1	2	4	8	16	32	207	484
181	7.141	24.817	8	13	1	6	1	2	4	8	16	32	114	313
182	-43.17	-30.487	16	15	1	6	1	2	4	8	16	32	248	529
183	-21.228	0.751	4	4	1	6	1	2	4	8	16	32	71	262
184	19.696	10.767	14	10	1	6	1	2	4	8	16	32	181	494
185	-6.494	-29.425	23	19	1	6	1	2	4	8	16	32	247	438
186	54.388	8.63	17	1	1	6	1	2	4	8	16	32	184	449
187	64.203	77.612	7	25	1	6	1	2	4	8	16	32	146	480
188	40.381	1.611	8	3	1	6	1	2	4	8	16	32	226	487
189	-41.711	-5.133	14	21	1	6	1	2	4	8	16	32	72	257
190	74.274	-19.922	22	7	1	6	1	2	4	8	16	32	286	594
191	-73.999	-54.626	7	18	1	6	1	2	4	8	16	32	166	356
192	29.706	15.454	16	3	1	6	1	2	4	8	16	32	85	314
193	23.785	12.177	24	1	1	6	1	2	4	8	16	32	117	398
194	42.578	45.325	15	2	1	6	1	2	4	8	16	32	169	505
195	-16.73	-16.559	15	8	1	6	1	2	4	8	16	32	171	496
196	-14.697	-0.116	5	10	1	6	1	2	4	8	16	32	95	363
197	-19.769	8.392	9	19	1	6	1	2	4	8	16	32	283	471
198	-30.267	14.893	24	17	1	6	1	2	4	8	16	32	122	332
199	-63.116	-67.462	6	19	1	6	1	2	4	8	16	32	183	507
200	86.029	38.916	3	24	1	6	1	2	4	8	16	32	211	537
201	79.48	-24.866	24	24	1	6	1	2	4	8	16	32	98	403
202	35.144	14.734	22	6	1	6	1	2	4	8	16	32	127	381
203	-49.365	-9.052	2	2	1	6	1	2	4	8	16	32	83	426
204	-49.475	-17.578	21	7	1	6	1	2	4	8	16	32	198	473
205	57.501	16.327	17	10	1	6	1	2	4	8	16	32	128	464
206	54.889	12.024	13	13	1	6	1	2	4	8	16	32	271	508
207	-53.027	-33.179	21	20	1	6	1	2	4	8	16	32	168	389
208	-0.415	16.644	3	1	1	6	1	2	4	8	16	32	278	462
209	21.594	16.144	9	17	1	6	1	2	4	8	16	32	250	578
210	-46.924	-49.261	14	17	1	6	1	2	4	8	16	32	179	396
211	18.457	19.733	9	16	1	6	1	2	4	8	16	32	243	519
212	35.822	19.763	3	9	1	6	1	2	4	8	16	32	63	356
213	71.869	29.034	22	25	1	6	1	2	4	8	16	32	280	611
214	-56.378	-42.755	13	1	1	6	1	2	4	8	16	32	90	283
215	-25.8	25.159	10	23	1	6	1	2	4	8	16	32	126	310
216	-5.676	33.85	7	10	1	6	1	2	4	8	16	32	98	447
217	54.041	-5.292	3	15	1	6	1	2	4	8	16	32	108	406
218	-63.074	27.38	11	25	1	6	1	2	4	8	16	32	231	420
219	-16.864	-49.768	17	25	1	6	1	2	4	8	16	32	116	388
220	47.919	13.629	15	16	1	6	1	2	4	8	16	32	258	510
221	-10.724	-2.075	4	1	1	6	1	2	4	8	16	32	269	516
