9	3	216	6	6
450	180
450	180
450	180
450	180
450	180
450	180
450	180
450	180
450	180
450	180
450	180
450	180
450	180
450	180
450	180
450	180
450	180
450	180
450	180
450	180
450	180
450	180
450	180
450	180
450	180
450	180
450	180
450	180
450	180
450	180
450	180
450	180
450	180
450	180
450	180
450	180
0	-15.067	-23.95	0	0	0	0	0	1000
1	38.791	22.443	0	0	0	0	0	1000
2	-41.833	-35.361	0	0	0	0	0	1000
3	-29.523	-4.843	0	0	0	0	0	1000
4	49.725	11.99	0	0	0	0	0	1000
5	21.133	14.142	0	0	0	0	0	1000
6	-41.235	-66.357	14	3	6	1	63	114	369
7	34.064	-59.357	16	16	6	1	63	212	565
8	20.917	-52.582	17	8	6	1	63	65	409
9	-38.538	-37.396	19	15	6	1	63	87	343
10	41.058	22.931	6	12	6	1	63	265	624
11	-54.034	-53.131	7	13	6	1	63	149	440
12	8.099	80.725	3	8	6	1	63	254	485
13	81.299	13.409	10	24	6	1	63	235	543
14	14.459	-2.972	4	14	6	1	63	190	485
15	-52.539	60.107	17	17	6	1	63	224	455
16	-57.202	-34.229	10	8	6	1	63	172	470
17	-65.552	-40.222	13	11	6	1	63	266	573
18	-19.751	-10.278	20	8	6	1	63	175	446
19	-26.965	-87.012	6	17	6	1	63	299	588
20	3.192	-88.654	18	19	6	1	63	203	457
21	34.521	32.837	3	13	6	1	63	74	352
22	80.035	5.273	10	2	6	1	63	139	475
23	-39.838	-67.731	4	8	6	1	63	77	385
24	14.6	11.365	15	21	6	1	63	91	444
25	-20.99	-80.511	4	13	6	1	63	246	570
26	48.242	47.284	6	17	6	1	63	243	582
27	59.338	-31.86	19	4	6	1	63	230	558
28	-13.995	-45.624	7	22	6	1	63	297	649
29	32.397	-32.532	20	24	6	1	63	243	429
30	2.826	50.824	12	11	6	1	63	134	364
31	-66.077	-34.686	8	6	6	1	63	271	587
32	-13.66	18.64	18	19	6	1	63	109	356
33	-59.344	12.769	1	11	6	1	63	273	495
34	-5.133	-18.463	25	23	6	1	63	217	547
35	-22.961	-21.729	16	4	6	1	63	105	341
36	58.13	46.606	5	5	6	1	63	139	403
37	-49.603	-76.624	7	16	6	1	63	125	327
38	-4.803	43.036	20	2	6	1	63	120	446
39	68.616	-19.623	3	13	6	1	63	236	504
40	37.915	63.599	11	11	6	1	63	128	422
41	1.251	-26.55	15	9	6	1	63	266	504
42	-37.952	1.685	15	18	6	1	63	142	364
43	-40.503	8.038	8	7	6	1	63	142	434
44	-8.392	-38.678	13	24	6	1	63	192	394
45	-36.725	25.494	16	5	6	1	63	136	395
46	-47.754	-50.073	4	2	6	1	63	144	327
47	22.595	-28.357	9	5	6	1	63	101	350
48	-36.365	-48.163	5	5	6	1	63	238	526
49	75.452	-13.422	20	3	6	1	63	145	504
50	-64.52	-13.232	10	13	6	1	63	211	395
51	1.257	29.156	9	2	6	1	63	225	521
52	-1.569	-35.974	18	10	6	1	63	191	487
53	46.747	6.696	13	12	6	1	63	143	361
54	82.08	27.057	17	24	6	1	63	207	557
55	74.695	19.366	22	21	6	1	63	65	285
56	47.015	9.338	5	18	6	1	63	79	273
57	-62.036	-21.326	12	5	6	1	63	161	470
58	9.192	20.038	4	15	6	1	63	135	330
59	-3.094	21.582	5	11	6	1	63	228	499
60	-75.446	13.086	22	7	3	2	21	42	190	399
61	10.034	-63.739	7	3	3	2	21	42	266	463
62	71.814	26.501	12	17	3	2	21	42	112	295
63	18.842	-38.019	10	14	3	2	21	42	243	593
64	-10.541	-31.305	18	14	3	2	21	42	139	449
65	8.252	-91.15	17	7	3	2	21	42	269	507
66	72.821	-38.916	3	12	3	2	21	42	191	389
67	-30.157	38.776	1	5	3	2	21	42	112	370
68	-56.256	-5.548	9	11	3	2	21	42	172	365
69	-8.398	-37.604	12	17	3	2	21	42	252	447
70	15.021	13.708	4	3	3	2	21	42	275	618
71	-60.199	24.292	2	7	3	2	21	42	281	559
72	-13.794	-27.106	18	13	3	2	21	42	163	505
73	-34.796	-22.205	23	20	3	2	21	42	212	559
74	69.641	83.057	14	13	3	2	21	42	117	379
75	-44.44	30.09	6	4	3	2	21	42	251	549
76	48.633	3.021	1	3	3	2	21	42	143	492
77	-15.314	51.709	6	24	3	2	21	42	285	532
78	36.261	26.782	6	23	3	2	21	42	135	388
79	59.961	24.31	8	21	3	2	21	42	164	513
80	55.304	6.628	25	23	3	2	21	42	198	483
81	39.96	48.297	3	10	3	2	21	42	95	415
82	-48.895	-71.1	3	21	3	2	21	42	154	347
83	-2.338	-62.909	16	24	3	2	21	42	81	304
84	9.491	-41.901	5	9	3	2	21	42	217	459
85	-54.675	-18.439	6	22	3	2	21	42	115	335
86	10.98	-7.605	6	3	3	2	21	42	162	399
87	-69.824	-50.354	16	6	3	2	21	42	65	394
88	-40.308	-7.452	6	11	3	2	21	42	207	422
89	62.244	43.628	13	10	3	2	21	42	237	441
90	29.077	63.116	4	15	3	2	21	42	186	426
91	-12.067	-21.509	12	9	3	2	21	42	116	475
92	14.728	28.906	15	20	3	2	21	42	227	547
93	-63.086	-60.114	10	19	3	2	21	42	110	446
94	33.655	-0.928	19	19	3	2	21	42	270	504
95	-12.225	14.148	19	19	3	2	21	42	197	482
96	-89.966	51.514	1	20	3	2	21	42	159	430
97	-0.763	41.339	22	1	3	2	21	42	295	501
98	80.695	32.983	20	15	3	2	21	42	299	643
99	-53.394	-14.24	5	18	3	2	21	42	109	349
100	-53.284	-64.136	12	2	3	2	21	42	60	332
101	73.26	10.669	4	25	3	2	21	42	142	384
102	59.613	13.452	12	20	3	2	21	42	146	464
103	-37.012	6.476	8	18	3	2	21	42	180	384
104	-53.656	21.692	10	8	3	2	21	42	118	389
105	-36.89	18.372	2	3	3	2	21	42	80	389
106	-4.608	-13.806	25	2	3	2	21	42	161	462
107	53.802	36.993	14	15	3	2	21	42	112	319
108	48.468	-66.04	20	21	3	2	21	42	220	485
109	-46.393	-20.929	11	6	3	2	21	42	160	413
110	-15.045	-40.845	4	24	3	2	21	42	299	616
111	-73.621	-9.552	6	19	3	2	21	42	95	422
112	92.847	45.587	8	23	3	2	21	42	92	321
113	33.557	28.064	5	16	3	2	21	42	123	376
114	47.321	24.414	3	16	2	3	9	18	36	67	346
115	-6.61	-30.157	4	9	2	3	9	18	36	76	383
116	12.103	23.84	24	1	2	3	9	18	36	243	443
117	-61.963	26.239	4	10	2	3	9	18	36	281	528
118	23.877	9.808	11	14	2	3	9	18	36	231	558
119	49.78	6.866	23	11	2	3	9	18	36	90	319
120	-53.021	-21.484	1	4	2	3	9	18	36	126	460
121	54.962	2.985	15	23	2	3	9	18	36	87	317
122	4.865	-69.586	12	23	2	3	9	18	36	67	319
123	33.948	45.209	10	22	2	3	9	18	36	190	456
124	-32.166	-23.621	24	11	2	3	9	18	36	223	454
125	-17.548	-46.765	5	14	2	3	9	18	36	157	340
126	31.744	33.972	23	12	2	3	9	18	36	206	536
127	45.374	22.131	15	13	2	3	9	18	36	235	469
128	-5.219	-23.114	6	11	2	3	9	18	36	147	353
129	-51.056	-46.545	20	9	2	3	9	18	36	296	618
130	11.774	11.133	13	6	2	3	9	18	36	61	402
131	-39.758	-13.019	3	25	2	3	9	18	36	244	436
132	27.93	29.321	3	21	2	3	9	18	36	186	390
133	33.74	66.595	25	13	2	3	9	18	36	266	525
134	-91.815	29.858	15	23	2	3	9	18	36	140	496
135	-24.628	-68.701	6	8	2	3	9	18	36	124	439
136	44.659	20.465	4	7	2	3	9	18	36	62	375
137	45.447	-21.069	14	8	2	3	9	18	36	146	442
138	-37.366	-12.097	15	9	2	3	9	18	36	127	379
139	41.998	0.153	17	2	2	3	9	18	36	203	391
140	-42.822	-30.17	12	24	2	3	9	18	36	178	529
141	34.906	-4.578	2	7	2	3	9	18	36	83	434
142	-65.137	-43.079	11	23	2	3	9	18	36	174	449
143	20.27	-4.999	5	21	2	3	9	18	36	176	427
144	-36.731	-8.929	20	12	2	3	9	18	36	79	411
145	-26.984	-19.568	16	23	2	3	9	18	36	114	423
146	-31.299	-83.813	13	18	2	3	9	18	36	129	459
147	-26.794	12.506	9	5	2	3	9	18	36	297	630
148	-39.362	-58.521	23	15	2	3	9	18	36	115	305
149	-34.369	0.61	11	11	2	3	9	18	36	90	436
150	43.372	4.187	14	8	2	3	9	18	36	281	598
151	-38.226	-9.448	3	2	2	3	9	18	36	273	598
152	-25.61	-99.237	9	6	2	3	9	18	36	82	283
153	48.059	29.517	21	23	2	3	9	18	36	168	503
154	-43.628	-32.318	24	9	2	3	9	18	36	289	566
155	-16.602	-29.327	4	1	2	3	9	18	36	148	444
156	-29.81	-12.408	18	12	2	3	9	18	36	111	411
157	-51.91	-28.711	10	17	2	3	9	18	36	186	490
158	-1.801	-18.671	3	2	2	3	9	18	36	114	442
159	18.738	21.399	4	5	2	3	9	18	36	99	317
160	60.12	7.788	25	1	2	3	9	18	36	202	483
161	43.079	42.017	3	20	2	3	9	18	36	98	430
162	-39.435	-5.902	22	19	2	3	9	18	36	79	295
163	-35.889	-16.034	19	13	2	3	9	18	36	64	280
164	-41.827	38.995	20	10	2	3	9	18	36	95	419
165	84.497	29.822	7	9	2	3	9	18	36	253	504
166	-17.56	-10.48	19	14	2	3	9	18	36	62	353
167	-48.383	-48.92	19	4	2	3	9	18	36	188	438
168	-49.335	-17.969	22	20	1	6	1	2	4	8	16	32	184	437
169	16.095	-2.49	4	17	1	6	1	2	4	8	16	32	85	299
170	65.527	14.026	25	19	1	6	1	2	4	8	16	32	224	521
171	-2.93	13.22	23	19	1	6	1	2	4	8	16	32	163	482
172	-18.768	-23.663	24	16	1	6	1	2	4	8	16	32	130	330
173	-91.095	-80.737	25	4	1	6	1	2	4	8	16	32	253	597
174	-21.088	-13.293	4	1	1	6	1	2	4	8	16	32	136	435
175	46.985	17.224	3	21	1	6	1	2	4	8	16	32	90	369
176	-61.957	-33.038	7	9	1	6	1	2	4	8	16	32	197	550
177	-9.003	-25.452	10	2	1	6	1	2	4	8	16	32	72	261
178	33.661	-7.666	10	24	1	6	1	2	4	8	16	32	162	488
179	-25.592	-10.84	23	1	1	6	1	2	4	8	16	32	232	589
180	36.56	-2.441	18	21	1	6	1	2	4	8	16	32	275	596
181	7.141	24.817	8	13	1	6	1	2	4	8	16	32	73	373
182	-43.17	-30.487	16	15	1	6	1	2	4	8	16	32	297	653
183	-21.228	0.751	4	4	1	6	1	2	4	8	16	32	145	357
184	19.696	10.767	14	10	1	6	1	2	4	8	16	32	207	479
185	-6.494	-29.425	23	19	1	6	1	2	4	8	16	32	94	292
186	54.388	8.63	17	1	1	6	1	2	4	8	16	32	285	560
187	64.203	77.612	7	25	1	6	1	2	4	8	16	32	289	589
188	40.381	1.611	8	3	1	6	1	2	4	8	16	32	186	440
189	-41.711	-5.133	14	21	1	6	1	2	4	8	16	32	97	374
190	74.274	-19.922	22	7	1	6	1	2	4	8	16	32	72	425
191	-73.999	-54.626	7	18	1	6	1	2	4	8	16	32	134	484
192	29.706	15.454	16	3	1	6	1	2	4	8	16	32	63	274
193	23.785	12.177	24	1	1	6	1	2	4	8	16	32	125	379
194	42.578	45.325	15	2	1	6	1	2	4	8	16	32	113	375
195	-16.73	-16.559	15	8	1	6	1	2	4	8	16	32	196	518
196	-14.697	-0.116	5	10	1	6	1	2	4	8	16	32	169	505
197	-19.769	8.392	9	19	1	6	1	2	4	8	16	32	94	408
198	-30.267	14.893	24	17	1	6	1	2	4	8	16	32	80	305
199	-63.116	-67.462	6	19	1	6	1	2	4	8	16	32	83	363
200	86.029	38.916	3	24	1	6	1	2	4	8	16	32	73	396
201	79.48	-24.866	24	24	1	6	1	2	4	8	16	32	172	407
202	35.144	14.734	22	6	1	6	1	2	4	8	16	32	66	415
203	-49.365	-9.052	2	2	1	6	1	2	4	8	16	32	229	458
204	-49.475	-17.578	21	7	1	6	1	2	4	8	16	32	71	283
205	57.501	16.327	17	10	1	6	1	2	4	8	16	32	271	576
206	54.889	12.024	13	13	1	6	1	2	4	8	16	32	200	490
207	-53.027	-33.179	21	20	1	6	1	2	4	8	16	32	120	416
208	-0.415	16.644	3	1	1	6	1	2	4	8	16	32	125	448
209	21.594	16.144	9	17	1	6	1	2	4	8	16	32	124	348
210	-46.924	-49.261	14	17	1	6	1	2	4	8	16	32	109	448
211	18.457	19.733	9	16	1	6	1	2	4	8	16	32	209	554
212	35.822	19.763	3	9	1	6	1	2	4	8	16	32	89	341
213	71.869	29.034	22	25	1	6	1	2	4	8	16	32	160	497
214	-56.378	-42.755	13	1	1	6	1	2	4	8	16	32	147	471
215	-25.8	25.159	10	23	1	6	1	2	4	8	16	32	81	375
216	-5.676	33.85	7	10	1	6	1	2	4	8	16	32	267	463
217	54.041	-5.292	3	15	1	6	1	2	4	8	16	32	80	389
218	-63.074	27.38	11	25	1	6	1	2	4	8	16	32	85	377
219	-16.864	-49.768	17	25	1	6	1	2	4	8	16	32	69	293
220	47.919	13.629	15	16	1	6	1	2	4	8	16	32	141	410
221	-10.724	-2.075	4	1	1	6	1	2	4	8	16	32	151	461
