9	3	288	6	6
425	170
425	170
425	170
425	170
425	170
425	170
425	170
425	170
425	170
425	170
425	170
425	170
425	170
425	170
425	170
425	170
425	170
425	170
425	170
425	170
425	170
425	170
425	170
425	170
425	170
425	170
425	170
425	170
425	170
425	170
425	170
425	170
425	170
425	170
425	170
425	170
0	-40.198	-12.781	0	0	0	0	0	1000
1	-40.488	-35.864	0	0	0	0	0	1000
2	-1.193	2.515	0	0	0	0	0	1000
3	18.329	-35.468	0	0	0	0	0	1000
4	23.746	-0.522	0	0	0	0	0	1000
5	-46.396	-39.923	0	0	0	0	0	1000
6	12.805	1.886	15	10	6	1	63	120	382
7	18.213	1.373	7	21	6	1	63	213	516
8	57.947	-48.779	10	8	6	1	63	229	449
9	-52.429	-84.088	20	23	6	1	63	189	489
10	60.797	-32.593	11	10	6	1	63	85	396
11	23.151	4.205	7	9	6	1	63	250	564
12	25.385	22.986	14	21	6	1	63	64	321
13	25.513	-52.985	15	16	6	1	63	158	375
14	-49.261	-41.718	8	21	6	1	63	84	323
15	-37.561	-41.73	5	3	6	1	63	129	447
16	-14.52	48.962	17	24	6	1	63	266	529
17	41.229	-24.5	1	2	6	1	63	229	572
18	-21.863	0.916	3	4	6	1	63	111	413
19	-48.181	-16.284	8	18	6	1	63	95	454
20	-7.776	44.348	14	5	6	1	63	140	434
21	20.801	10.76	3	13	6	1	63	274	583
22	-29.712	-46.326	6	13	6	1	63	296	479
23	-20.203	-59.564	23	14	6	1	63	83	400
24	-87.079	-52.899	14	10	6	1	63	270	608
25	3.046	-6.305	1	3	6	1	63	254	463
26	11.865	5.261	2	1	6	1	63	98	314
27	-24.072	-55.927	17	11	6	1	63	233	486
28	-22.803	5.658	15	16	6	1	63	212	476
29	-51.904	9.412	18	6	6	1	63	297	592
30	12.732	-40.967	15	18	6	1	63	245	496
31	-30.988	7.654	7	11	6	1	63	296	480
32	37.512	0.458	4	15	6	1	63	102	399
33	2.954	-8.563	24	17	6	1	63	142	442
34	0.549	3.644	18	17	6	1	63	185	478
35	-52.484	9.711	2	1	6	1	63	80	284
36	33.936	-48.718	4	1	6	1	63	205	412
37	-13.129	-53.601	11	18	6	1	63	118	472
38	-99.591	23.303	25	3	6	1	63	202	421
39	6.439	-3.516	15	21	6	1	63	239	457
40	-14.032	-19.818	18	22	6	1	63	69	346
41	-24.677	16.608	9	14	6	1	63	296	552
42	-10.26	-81.769	23	4	6	1	63	255	454
43	35.858	5.597	22	17	6	1	63	263	457
44	-11.603	42.908	9	16	6	1	63	172	437
45	-34.662	-15.466	20	8	6	1	63	202	548
46	66.852	1.135	13	14	6	1	63	107	289
47	6.866	-1.416	3	23	6	1	63	160	372
48	1.66	-2.234	6	1	6	1	63	293	619
49	37.561	11.45	18	21	6	1	63	65	260
50	51.672	-26.343	9	10	6	1	63	269	539
51	19.025	-10.889	24	19	6	1	63	72	388
52	-37.982	-6.36	19	6	6	1	63	143	436
53	-56.537	-42.334	11	4	6	1	63	239	568
54	1.099	-14.624	14	18	6	1	63	144	491
55	-56.238	-3.076	15	23	6	1	63	214	546
56	-23.669	-15.289	5	25	6	1	63	76	269
57	-34.277	-1.41	18	17	6	1	63	225	558
58	-64.178	63.812	22	11	6	1	63	114	337
59	-47.083	-20.386	13	20	6	1	63	191	406
60	-33.71	8.38	11	9	6	1	63	218	419
61	34.29	26.031	11	23	6	1	63	193	546
62	-38.861	42.114	1	14	6	1	63	106	403
63	-92.731	44.885	25	7	6	1	63	75	263
64	23.633	27.643	19	15	6	1	63	159	370
65	-67.139	-67.078	13	22	6	1	63	191	426
66	25.726	-25.836	7	4	6	1	63	174	392
67	-40.985	-16.895	2	14	6	1	63	144	464
68	77.008	-6.097	16	24	6	1	63	178	466
69	-54.81	-1.935	2	13	6	1	63	156	416
70	-53.943	-29.663	1	9	6	1	63	209	432
71	16.089	-27.887	19	3	6	1	63	222	482
72	-59.436	36.487	24	23	6	1	63	163	355
73	34.473	25.391	19	2	6	1	63	270	508
74	-9.283	-6.689	24	23	6	1	63	219	511
75	-85.559	-20.477	10	8	6	1	63	71	279
76	29.523	18.347	19	23	6	1	63	290	612
77	27.814	6.512	1	13	6	1	63	193	393
78	42.151	-25.58	19	25	3	2	21	42	219	402
79	82.202	85.828	25	25	3	2	21	42	115	364
80	-47.766	-35.59	24	20	3	2	21	42	125	428
81	22.015	-20.349	11	9	3	2	21	42	70	417
82	-55.756	-33.49	7	15	3	2	21	42	214	554
83	62.006	-1.453	25	4	3	2	21	42	92	288
84	25.549	-3.796	3	1	3	2	21	42	202	439
85	-43.372	-7.379	3	7	3	2	21	42	194	447
86	60.297	52.637	18	12	3	2	21	42	266	528
87	-96.155	34.1	18	5	3	2	21	42	199	516
88	-32.806	-3.845	9	8	3	2	21	42	104	432
89	-47.827	-45.203	21	1	3	2	21	42	268	480
90	-31.128	-93.848	21	24	3	2	21	42	174	443
91	-17.01	-21.857	21	23	3	2	21	42	161	401
92	-8.386	-2.264	11	12	3	2	21	42	228	517
93	35.834	13.147	2	2	3	2	21	42	206	425
94	29.315	54.468	4	22	3	2	21	42	208	393
95	48.352	-8.783	3	3	3	2	21	42	78	425
96	-2.93	27.039	8	12	3	2	21	42	276	456
97	-16.62	-55.389	20	16	3	2	21	42	60	246
98	-40.851	-47.742	23	8	3	2	21	42	246	584
99	-12.878	-2.039	15	25	3	2	21	42	155	430
100	-51.776	7.281	3	6	3	2	21	42	244	558
101	-32.922	23.828	14	24	3	2	21	42	279	601
102	13.983	-34.521	8	16	3	2	21	42	206	405
103	-35.834	-23.834	4	7	3	2	21	42	284	558
104	91.858	5.542	19	9	3	2	21	42	297	542
105	-28.442	-34.18	6	23	3	2	21	42	134	356
106	33.844	27.875	1	24	3	2	21	42	87	323
107	98.431	31.348	2	19	3	2	21	42	201	392
108	-57.751	-27.753	3	9	3	2	21	42	253	502
109	-43.89	13.007	24	10	3	2	21	42	79	362
110	37.585	49.768	6	23	3	2	21	42	94	421
111	-3.687	7.373	14	2	3	2	21	42	205	454
112	-98.242	61.658	22	5	3	2	21	42	120	392
113	-23.56	-32.52	14	25	3	2	21	42	117	327
114	22.98	-18.109	7	17	3	2	21	42	148	463
115	43.915	-2.985	13	23	3	2	21	42	292	640
116	71.509	11.652	19	23	3	2	21	42	239	522
117	-43.011	-38.702	6	13	3	2	21	42	179	381
118	-83.954	2.179	4	2	3	2	21	42	185	534
119	11.09	-40.942	17	24	3	2	21	42	98	351
120	27.173	-13.33	17	22	3	2	21	42	81	338
121	-86.102	-59.808	13	20	3	2	21	42	108	425
122	-22.345	-78.278	21	15	3	2	21	42	87	401
123	-38.727	-33.588	8	12	3	2	21	42	132	429
124	-1.227	-28.668	7	17	3	2	21	42	252	553
125	81.329	-44.244	15	21	3	2	21	42	223	574
126	51.904	19.891	5	10	3	2	21	42	165	479
127	-34.973	-27.856	6	4	3	2	21	42	217	474
128	-51.483	-23.248	17	21	3	2	21	42	269	505
129	-0.647	-46.057	4	3	3	2	21	42	283	524
130	68.219	-66.986	25	17	3	2	21	42	61	292
131	-15.149	-25.482	11	19	3	2	21	42	187	383
132	22.412	-34.375	17	10	3	2	21	42	264	482
133	36.176	-10.431	17	21	3	2	21	42	225	480
134	-23.639	-47.681	2	21	3	2	21	42	140	485
135	-14.722	32.684	7	6	3	2	21	42	185	380
136	16.821	-12.72	16	8	3	2	21	42	139	406
137	93.378	23.004	2	8	3	2	21	42	271	542
138	40.344	-24.176	12	13	3	2	21	42	89	394
139	5.53	-4.901	7	7	3	2	21	42	98	345
140	-78.015	1.27	19	11	3	2	21	42	253	567
141	51.569	-45.673	16	18	3	2	21	42	170	457
142	49.249	-30.896	17	10	3	2	21	42	248	497
143	-62.195	-21.399	8	25	3	2	21	42	281	587
144	-5.048	7.306	24	7	3	2	21	42	277	498
145	1.727	-70.221	10	17	3	2	21	42	201	386
146	1.361	-3.564	20	20	3	2	21	42	149	417
147	-15.521	16.425	8	18	3	2	21	42	207	522
148	-31.604	-60.938	6	21	3	2	21	42	298	617
149	-46.997	-55.56	5	14	3	2	21	42	111	317
150	2.301	5.536	23	2	2	3	9	18	36	268	488
151	-30.328	-0.58	14	18	2	3	9	18	36	92	302
152	-16.821	17.664	23	10	2	3	9	18	36	95	402
153	52.655	29.034	13	5	2	3	9	18	36	69	374
154	-11.993	-83.771	12	15	2	3	9	18	36	265	494
155	41.632	43.048	13	17	2	3	9	18	36	208	472
156	8.508	-2.539	20	12	2	3	9	18	36	185	469
157	31.512	-8.978	14	14	2	3	9	18	36	255	472
158	-3.339	-36.243	6	3	2	3	9	18	36	193	467
159	-26.379	13.776	4	7	2	3	9	18	36	284	610
160	28.43	10.571	13	21	2	3	9	18	36	78	401
161	5.975	27.289	1	7	2	3	9	18	36	75	290
162	-32.135	-45.068	9	5	2	3	9	18	36	118	403
163	31.097	-7.916	5	24	2	3	9	18	36	199	496
164	28.198	-29.755	7	13	2	3	9	18	36	222	422
165	-39.612	-33.594	4	18	2	3	9	18	36	94	319
166	-19.22	-5.133	12	19	2	3	9	18	36	74	300
167	-10.114	69.977	20	22	2	3	9	18	36	288	515
168	22.894	-44.348	20	13	2	3	9	18	36	196	555
169	-34.741	0.58	14	10	2	3	9	18	36	227	408
170	-44.952	-77.734	11	4	2	3	9	18	36	95	420
171	-23.749	-56.012	1	17	2	3	9	18	36	290	498
172	69.073	-97.125	5	2	2	3	9	18	36	122	459
173	12.17	-59.869	1	18	2	3	9	18	36	175	530
174	47.339	17.365	14	2	2	3	9	18	36	114	325
175	-4.706	14.056	19	18	2	3	9	18	36	75	317
176	-52.374	-50.244	16	13	2	3	9	18	36	232	461
177	39.215	-29.773	21	24	2	3	9	18	36	194	420
178	-42.316	-60.602	9	25	2	3	9	18	36	178	360
179	19.135	41.15	1	2	2	3	9	18	36	214	481
180	-54.706	-17.596	18	2	2	3	9	18	36	60	381
181	11.737	-83.173	7	7	2	3	9	18	36	271	477
182	-40.582	-53.247	15	23	2	3	9	18	36	280	576
183	-6.421	21.967	21	21	2	3	9	18	36	244	592
184	-31.268	-34.613	4	18	2	3	9	18	36	113	467
185	-3.668	-26.868	21	21	2	3	9	18	36	114	401
186	13.409	-22.302	10	23	2	3	9	18	36	278	611
187	-95.892	-86.322	16	16	2	3	9	18	36	137	428
188	88.983	-53.387	21	22	2	3	9	18	36	279	469
189	-55.048	-32.538	7	11	2	3	9	18	36	190	465
190	27.85	-10.028	8	22	2	3	9	18	36	147	429
191	40.918	-36.09	6	10	2	3	9	18	36	189	521
192	-58.35	15.814	23	15	2	3	9	18	36	240	534
193	-52.161	-74.725	18	23	2	3	9	18	36	208	404
194	-66.772	-34.943	6	7	2	3	9	18	36	79	337
195	-33.374	-62.024	6	1	2	3	9	18	36	266	612
196	-8.649	31.708	14	21	2	3	9	18	36	219	413
197	-26.166	-56.152	14	11	2	3	9	18	36	104	412
198	-39.874	-53.375	22	2	2	3	9	18	36	194	414
199	71.643	-36.981	22	24	2	3	9	18	36	114	421
200	-96.924	8.411	25	25	2	3	9	18	36	137	489
201	-2.911	36.2	13	17	2	3	9	18	36	144	339
202	-53.253	14.099	21	10	2	3	9	18	36	96	308
203	67.316	-39.734	14	18	2	3	9	18	36	223	403
204	-6.525	11.975	18	2	2	3	9	18	36	293	521
205	16.425	33.221	18	12	2	3	9	18	36	162	342
206	-19.061	-56.921	11	4	2	3	9	18	36	209	417
207	25.189	-21.045	10	1	2	3	9	18	36	159	488
208	37.854	-5.524	15	1	2	3	9	18	36	224	508
209	-16.479	48.657	3	6	2	3	9	18	36	91	283
210	2.344	-16.516	2	22	2	3	9	18	36	76	386
211	-48.621	-12.39	12	25	2	3	9	18	36	91	377
212	-42.621	-50.006	18	21	2	3	9	18	36	289	646
213	16.016	11.169	1	18	2	3	9	18	36	97	330
214	-80.408	-60.583	3	14	2	3	9	18	36	105	294
215	-95.068	44.293	4	21	2	3	9	18	36	254	450
216	-6.885	24.884	12	4	2	3	9	18	36	223	406
217	-4.803	21.674	15	1	2	3	9	18	36	89	371
218	7.037	-45.337	22	18	2	3	9	18	36	294	612
219	31.293	-39.905	20	4	2	3	9	18	36	265	521
220	14.984	26.172	16	4	2	3	9	18	36	185	431
221	33.203	-52.289	11	5	2	3	9	18	36	276	630
222	-59.277	39.667	20	15	1	6	1	2	4	8	16	32	242	531
223	30.054	-36.823	13	5	1	6	1	2	4	8	16	32	204	526
224	9.351	-39.044	9	22	1	6	1	2	4	8	16	32	211	484
225	-10.651	54.431	16	21	1	6	1	2	4	8	16	32	137	318
226	20.856	-26.465	7	17	1	6	1	2	4	8	16	32	204	560
227	19.617	17.865	21	8	1	6	1	2	4	8	16	32	105	303
228	-36.981	-92.95	18	4	1	6	1	2	4	8	16	32	240	461
229	-3.76	59.875	4	4	1	6	1	2	4	8	16	32	115	424
230	11.682	-63.336	15	16	1	6	1	2	4	8	16	32	85	338
231	4.468	-36.133	5	5	1	6	1	2	4	8	16	32	263	541
232	47.04	-41.254	24	15	1	6	1	2	4	8	16	32	229	576
233	29.938	-58.71	21	25	1	6	1	2	4	8	16	32	286	574
234	-70.569	-7.037	7	15	1	6	1	2	4	8	16	32	201	531
235	56.262	1.819	24	7	1	6	1	2	4	8	16	32	183	538
236	46.21	-53.522	22	19	1	6	1	2	4	8	16	32	119	466
237	6.366	-14.264	1	11	1	6	1	2	4	8	16	32	80	346
238	-34.54	-39.502	6	13	1	6	1	2	4	8	16	32	208	533
239	-50.537	28.357	4	24	1	6	1	2	4	8	16	32	263	474
240	-61.444	-10.901	14	4	1	6	1	2	4	8	16	32	130	415
241	-30.823	17.902	18	13	1	6	1	2	4	8	16	32	246	463
242	49.658	24.469	16	6	1	6	1	2	4	8	16	32	282	556
243	-69.775	-41.406	1	4	1	6	1	2	4	8	16	32	212	395
244	-18.939	57.69	24	12	1	6	1	2	4	8	16	32	187	411
245	-22.449	15.771	19	4	1	6	1	2	4	8	16	32	107	335
246	-7.599	37.03	19	4	1	6	1	2	4	8	16	32	228	549
247	27.435	17.554	11	25	1	6	1	2	4	8	16	32	184	458
248	45.526	-5.127	9	25	1	6	1	2	4	8	16	32	153	364
249	-33.551	-25.586	3	14	1	6	1	2	4	8	16	32	196	415
250	-4.645	53.754	1	25	1	6	1	2	4	8	16	32	126	450
251	-41.119	-13.361	10	13	1	6	1	2	4	8	16	32	98	406
252	23.01	-45.703	19	13	1	6	1	2	4	8	16	32	158	383
253	17.23	5.096	14	11	1	6	1	2	4	8	16	32	164	355
254	-6.818	-19.873	14	24	1	6	1	2	4	8	16	32	93	426
255	52.966	51.41	24	5	1	6	1	2	4	8	16	32	240	493
256	-28.662	-50.94	16	12	1	6	1	2	4	8	16	32	291	583
257	69.684	-51.52	6	4	1	6	1	2	4	8	16	32	156	413
258	36.884	-17.371	9	5	1	6	1	2	4	8	16	32	151	490
259	-19.659	42.035	20	24	1	6	1	2	4	8	16	32	273	613
260	72.125	65.405	21	17	1	6	1	2	4	8	16	32	146	360
261	-71.368	59.863	8	4	1	6	1	2	4	8	16	32	105	409
262	18.317	-37.75	11	1	1	6	1	2	4	8	16	32	172	514
263	18.121	0.482	13	19	1	6	1	2	4	8	16	32	259	515
264	-1.105	-30.676	24	7	1	6	1	2	4	8	16	32	139	493
265	-44.574	-44.055	15	24	1	6	1	2	4	8	16	32	78	422
266	-28.058	-59.436	6	10	1	6	1	2	4	8	16	32	161	396
267	-7.953	4.639	24	13	1	6	1	2	4	8	16	32	96	394
268	-37.366	-28.528	3	24	1	6	1	2	4	8	16	32	272	515
269	4.388	-38.489	16	3	1	6	1	2	4	8	16	32	239	545
270	-44.592	-35.333	24	14	1	6	1	2	4	8	16	32	146	340
271	-56.714	-39.252	19	2	1	6	1	2	4	8	16	32	240	578
272	13.452	-32.159	5	24	1	6	1	2	4	8	16	32	188	407
273	-20.343	-11.182	11	11	1	6	1	2	4	8	16	32	172	514
274	3.436	-52.734	19	5	1	6	1	2	4	8	16	32	156	483
275	40.576	-54.492	22	14	1	6	1	2	4	8	16	32	114	334
276	31.952	-25.421	23	21	1	6	1	2	4	8	16	32	277	626
277	-57.434	38.525	12	14	1	6	1	2	4	8	16	32	221	440
278	47.51	-42.035	23	15	1	6	1	2	4	8	16	32	296	599
279	-28.143	-41.614	25	3	1	6	1	2	4	8	16	32	215	508
280	-2.258	-5.078	3	15	1	6	1	2	4	8	16	32	231	454
281	-27.167	-27.936	25	15	1	6	1	2	4	8	16	32	279	577
282	-24.048	-47.192	1	21	1	6	1	2	4	8	16	32	182	402
283	-77.521	-55.084	16	17	1	6	1	2	4	8	16	32	223	547
284	-62.036	-43.439	21	18	1	6	1	2	4	8	16	32	90	443
285	-71.936	-20.16	11	15	1	6	1	2	4	8	16	32	101	435
286	-66.504	-39.789	6	19	1	6	1	2	4	8	16	32	156	340
287	14.587	48.444	14	9	1	6	1	2	4	8	16	32	90	443
288	31.366	-29.462	23	10	1	6	1	2	4	8	16	32	176	472
289	6.512	-46.124	9	13	1	6	1	2	4	8	16	32	199	439
290	9.65	39.508	8	25	1	6	1	2	4	8	16	32	183	416
291	16.04	16.681	19	1	1	6	1	2	4	8	16	32	244	512
292	7.745	-75.378	17	11	1	6	1	2	4	8	16	32	160	355
293	-27.173	-4.462	15	25	1	6	1	2	4	8	16	32	173	451
