1	8	1
2	1	2


0        2     3     6     3    3     2    6      5           1    10
2        0     1     2     3    6     4    8      7           3    10
3        1     0     1.5   4    5     2    1      5           2    9
6        2     1.5   0     1.5  6     1    8      2           3    8
3        3     4     1.5   0    4     7    5      7           8    7
3        6     5     6     4    0     4    6      8           4    6
2        4     2     1     7    4     0    9      5           6    8
6        8     1     8     5    6     9    0      4           5    3
5        7     5     2     7    8     5    4      0           2    4
1        3     2     3     8    4     6    5      2           0    8
10       10    9     8     7    6     8    3      4           8    3


0      2     1     0    2      1       1     2    1     2     1
2      0     1     1    1      2       1     2    2     1     2
1      1     0     0    1      1       2     1    1     0     1
0      1     0     0    1      0       2     0    1     3     2
2      1     1     1    0      1       1     1    1     1     2
1      2     1     0    1      0       2     2    1     1     2
1      1     2     2    1      2       0     1    1     1     2
0      1     0     0    1      0       2     0    1     3     2
2      1     1     1    0      1       1     1    0     1     2
2      1     0     3    1      1       1     3    1     0     2
1      2     1     2    2      2       2     2    2     2     0

----------
8
21
8.1
21.1


10
23

----------

0     0
19    11
18    19
18    12
17    19
19    20
11    15
15    16
14    14
0     0
0     0

0     0
25    20
21    28
27    23
25    21
25    28
26    24
27    21
26    27
0     0
0     0

0     0
39    38
38    38
34    34
38    37
38    38
38    39
39    36
37    38
0     0
0     0
----------

2     2
2     2

2     2

1
1

1

----------
12
8

80
150

23

250

----------
100
200

1000

60000
----------
8
21

17
29

10
23

19
31
----------
30
70
----------
0.2
0.1



************************************
 