2	14	1
3	2	2


0        1       2     3     6     3    3     2    6      5     8      7       5     4      2      3     1    8    10
1        3       2     1     1     8    4     2    7      3     2      4       2     2      3      5     4    7    4
2        3       0     1     2     3    6     4    8      7     6      5       6     2      4      5     3    9    10
3        2       1     0     1.5   4    5     2    1      5     5      4       7     4      5      4     2    6    9
6        1       3     2     0     1.5  6     1    8      2     3      5       5     4      4      7     3    7    8
3        5       3     4     6     0    4     7    5      7     2      1       3     7      6      4     8    6    7
3        4       6     5     3     1    0     4    6      8     5      4       2     5      3      7     4    7    6
1        2       3     5     2.1   5    3.6   0    9      5     2      7       1     2      7      2     6    6    8
10       1       5     9     8     7    6     9    0      4     4      8       3     1      6      3     5    4    3
3        5       3     4     6     5    4     8    7      0     7      7       2     4      1      2     2    6    4
4        3       4     2     1     6    7     4    6      4     0      5       4     3      6      4     5    3    8
5        4       6     7     8     4    3     2    7      5     6      0       5     2      5      4     3    4    5
7        3       2     6     4     3    4     5    7      6     2      1       0     5      6      6     6    7    2
6        5       5     4     3     7    3     2    4      6     2      4       7     0      3      2     6    8    3
7        6       2     6     4     3    4     5    7      6     2      1       0     5      6      6     6    8    2
10       4       5     9     8     7    6     9    0      4     4      8       3     1      6      3     5    2    3
1        2       3     5     2.1   5    3.6   6    9      5     3      5       3     4      1      2     0    7    8
5        7       4     3     4     2    7     6    8      7     5      7       6     4      3      2     8    0   13
10       4       5     9     8     7    6     9    0      4     8      7       6     6      3      4     5    1   0



0      4     2     1     0    2      1       1     2    1    1     1     1     2       1      1     2     1    1
4      0     2     1     1    0      4       2     1    3    2     0     1     2       3      1     0     3    4
2      1     0     1     1    1      2       1     2    2    1     0     3     1       2      1     1     4    2
1      2     1     0     0    1      1       2     1    1    2     1     4     2       1      3     0     3    1
0      3     1     0     0    1      0       2     0    1    1     3     1     1       2      0     3     2    2
2      1     1     1     1    0      1       1     1    1    0     1     2     1       2      2     1     3    2
1      3     2     1     0    1      0       2     2    1    1     0     3     2       3      0     1     3    2
1      0     1     1     1    0      1       0     1    1    0     2     2     1       1      1     1     4    2
2      1     1     0     0    1      0       2     0    1    1     2     1     2       1      2     3     3    2
1      3     1     1     1    0      1       1     1    0    0     1     0     1       2      3     1     2    2
1      3     1     1     0    1      2       0     1    1    0     0     1     0       1      1     2     2    1
1      2     1     3     2    1      4       0     1    3    2     0     1     1       3      1     2     1    3
1      1     1     1     0    1      2       0     1    1    0     0     1     0       1      1     2     2    1
2      2     1     3     2    1      4       0     1    3    2     0     1     1       3      0     2     2    3
1      2     1     1     0    1      2       0     1    1    0     0     1     0       1      1     2     1    1
1      3     1     1     0    1      2       0     1    1    0     0     1     0       1      1     2     3    1
2      4     1     0     3    1      1       1     1    1    2     1     2     1       4      2     0     2    2
1      3     1     2     2    1      2       1     1    4    0     0     1     0       2      1     2     3    1
1      3     2     3     7    4      2       2     1    1    2     1     1     2       1      3     2     4    0
----------

0        8
0        21
0        8.1
0        21.1
8        0
21       0



10     0
23     0
0      10
0      23

----------

0     0
19    11
18    19
18    12
17    19
19    20
11    15
15    16
14    14
12    12
13    15
11    16
12    15
10    13
14    15
0     0
0     0

0     0
25    20
21    28
27    23
25    21
25    28
26    24
27    21
26    27
28    26
17    24
21    26
26    28
25    23
22    26
0     0
0     0

0     0
39    38
38    38
34    34
38    37
38    38
38    39
39    36
37    38
36    38
35    37
36    38
37    35
36    38
39    37
0     0
0     0
----------

2     2
2     2
2     2

2     2
2     2

1
1

1

----------
12
8
5

80
150
200

23
25

250
300

----------
100
200
300

1000
2000

60000
60000
----------
8
21

17
29

10
23

19
31
----------
30
70
----------
0.2
0.1



************************************
